fch_confirmado;id_region;txt_nombreregion;cant_poblacion;cant_pcr;cant_uci;cant_casosconfirmadoscs;cant_casosconfirmados;cant_casosrecuperados;cant_fallecidos;cant_casosactivos;cant_casosconfirmadosss;cant_casosconfirmadosdiario;cant_ventiladores;cant_ventiladoresdisponibles;cant_ventiladoresocupados;cant_pacientescriticos;cant_camabasica;cant_camamedia;cant_camauti;cant_camauci;cant_pacientesvmi;cant_uci39;cant_uci40a49;cant_uci50a59;cant_uci60a69;cant_uci70;cant_fallecidos39;cant_fallecidos40a49;cant_fallecidos50a59;cant_fallecidos60a69;cant_fallecidos70a79;cant_fallecidos80a89;cant_fallecidos90;cant_pcrhospitalpublicorealizados;cant_pcrinsitutosaludpublicarealizados;cant_pcrprivadosrealizados;cant_pcrrealizados;cant_pcrhospitalpublicoinformadosultdia;cant_pcrinformadosultdia;cant_pcrinsitutosaludpublicainformadosultdia;cant_pcrprivadosinformadosultdia;porc_positividad;porc_cfr;porc_crr;txt_semanaepidemiologica;fch_inicio;fch_fin;txt_cuarentenaactiva;cant_poblacioncomunacuarentena;fch_iniciocuarentena;fch_fincuarentena;cant_cupostotales;cant_usuariosenresidencia;cant_residencias
2020-03-03;0;00. Nacional;19458310;0;0;0;1;0;0;1;0;0;0;0;0;0;0;0;0;0;0;0;0;0;0;0;0;0;0;0;0;0;0;0;0;0;0;0;0;0;0;0,0;0,0;0,0;;;;Sin Cuarentena;0;;;0;0;0
2020-03-04;0;00. Nacional;19458310;0;0;2;3;0;0;3;0;2;0;0;0;0;0;0;0;0;0;0;0;0;0;0;0;0;0;0;0;0;0;0;0;0;0;0;0;0;0;0,0;0,0;0,0;;;;Sin Cuarentena;0;;;0;0;0
2020-03-05;0;00. Nacional;19458310;0;0;1;4;0;0;4;0;1;0;0;0;0;0;0;0;0;0;0;0;0;0;0;0;0;0;0;0;0;0;0;0;0;0;0;0;0;0;0,0;0,0;0,0;;;;Sin Cuarentena;0;;;0;0;0
2020-03-06;0;00. Nacional;19458310;0;0;1;5;0;0;5;0;1;0;0;0;0;0;0;0;0;0;0;0;0;0;0;0;0;0;0;0;0;0;0;0;0;0;0;0;0;0;0,0;0,0;0,0;;;;Sin Cuarentena;0;;;0;0;0
2020-03-07;0;00. Nacional;19458310;0;0;2;7;0;0;7;0;2;0;0;0;0;0;0;0;0;0;0;0;0;0;0;0;0;0;0;0;0;0;0;0;0;0;0;0;0;0;0,0;0,0;0,0;;;;Sin Cuarentena;0;;;0;0;0
2020-03-08;0;00. Nacional;19458310;0;0;3;10;0;0;10;0;3;0;0;0;0;0;0;0;0;0;0;0;0;0;0;0;0;0;0;0;0;0;0;0;0;0;0;0;0;0;0,0;0,0;0,0;SE11;2020-03-08;2020-03-14;Sin Cuarentena;0;;;0;0;0
2020-03-09;0;00. Nacional;19458310;0;0;5;15;0;0;15;0;5;0;0;0;0;0;0;0;0;0;0;0;0;0;0;0;0;0;0;0;0;0;0;0;0;0;0;0;0;0;0,0;0,0;0,0;SE11;2020-03-08;2020-03-14;Sin Cuarentena;0;;;0;0;0
2020-03-10;0;00. Nacional;19458310;0;0;2;17;0;0;17;0;2;0;0;0;0;0;0;0;0;0;0;0;0;0;0;0;0;0;0;0;0;0;0;0;0;0;0;0;0;0;0,0;0,0;0,0;SE11;2020-03-08;2020-03-14;Sin Cuarentena;0;;;0;0;0
2020-03-11;0;00. Nacional;19458310;0;0;6;23;0;0;23;0;6;0;0;0;0;0;0;0;0;0;0;0;0;0;0;0;0;0;0;0;0;0;0;0;0;0;0;0;0;0;0,0;0,0;0,0;SE11;2020-03-08;2020-03-14;Sin Cuarentena;0;;;0;0;0
2020-03-12;0;00. Nacional;19458310;0;0;10;33;0;0;33;0;10;0;0;0;0;0;0;0;0;0;0;0;0;0;0;0;0;0;0;0;0;0;0;0;0;0;0;0;0;0;0,0;0,0;0,0;SE11;2020-03-08;2020-03-14;Cuarentena Activa;572;2020-03-12;2020-03-27;0;0;0
2020-03-13;0;00. Nacional;19458310;0;0;10;43;0;0;43;0;10;0;0;0;0;0;0;0;0;0;0;0;0;0;0;0;0;0;0;0;0;0;0;0;0;0;0;0;0;0;0,0;0,0;0,0;SE11;2020-03-08;2020-03-14;Cuarentena Activa;572;2020-03-12;2020-03-27;0;0;0
2020-03-14;0;00. Nacional;19458310;0;0;18;61;0;0;61;0;18;0;0;0;0;0;0;0;0;0;0;0;0;0;0;0;0;0;0;0;0;0;0;0;0;0;0;0;0;0;0,0;0,0;0,0;SE11;2020-03-08;2020-03-14;Cuarentena Activa;572;2020-03-12;2020-03-27;0;0;0
2020-03-15;0;00. Nacional;19458310;0;0;14;75;0;0;75;0;14;0;0;0;0;0;0;0;0;0;0;0;0;0;0;0;0;0;0;0;0;0;0;0;0;0;0;0;0;0;0,0;0,0;0,0;SE12;2020-03-15;2020-03-21;Cuarentena Activa;572;2020-03-12;2020-03-27;0;0;0
2020-03-16;0;00. Nacional;19458310;0;0;81;156;0;0;156;0;81;0;0;0;0;0;0;0;0;0;0;0;0;0;0;0;0;0;0;0;0;0;0;0;0;0;0;0;0;0;0,0;0,0;0,0;SE12;2020-03-15;2020-03-21;Cuarentena Activa;572;2020-03-12;2020-03-27;0;0;0
2020-03-17;0;00. Nacional;19458310;0;0;45;201;1;0;200;0;45;0;0;0;0;0;0;0;0;0;0;0;0;0;0;0;0;0;0;0;0;0;0;0;0;0;0;0;0;0;0,0;0,0;0,0049751244;SE12;2020-03-15;2020-03-21;Cuarentena Activa;572;2020-03-12;2020-03-27;0;0;0
2020-03-18;0;00. Nacional;19458310;0;0;37;238;3;0;235;0;37;0;0;0;0;0;0;0;0;0;0;0;0;0;0;0;0;0;0;0;0;0;0;0;0;0;0;0;0;0;0,0;0,0;0,012605042;SE12;2020-03-15;2020-03-21;Cuarentena Activa;572;2020-03-12;2020-03-27;0;0;0
2020-03-19;0;00. Nacional;19458310;0;0;104;342;4;0;338;0;104;0;0;0;0;0;0;0;0;0;0;0;0;0;0;0;0;0;0;0;0;0;0;0;0;0;0;0;0;0;0,0;0,0;0,0116959064;SE12;2020-03-15;2020-03-21;Cuarentena Activa;8849;2020-03-19;2020-04-06;0;0;0
2020-03-20;0;00. Nacional;19458310;0;0;92;434;5;0;429;0;92;0;0;0;0;0;0;0;0;0;0;0;0;0;0;0;0;0;0;0;0;0;0;0;0;0;0;0;0;0;0,0;0,0;0,0115207373;SE12;2020-03-15;2020-03-21;Cuarentena Activa;8849;2020-03-19;2020-04-06;0;0;0
2020-03-21;0;00. Nacional;19458310;0;0;103;537;6;0;531;0;103;0;0;0;0;0;0;0;0;0;0;0;0;0;0;0;0;0;0;0;0;0;0;0;0;0;0;0;0;0;0,0;0,0;0,0111731844;SE12;2020-03-15;2020-03-21;Cuarentena Activa;8849;2020-03-19;2020-04-06;0;0;0
2020-03-22;0;00. Nacional;19458310;0;0;95;632;8;1;623;0;95;0;0;0;0;0;0;0;0;0;0;0;0;0;0;0;0;0;0;0;0;0;0;0;0;0;0;0;0;0;0,0;0,0015822785;0,0126582278;SE13;2020-03-22;2020-03-28;Cuarentena Activa;10832;2020-03-22;2020-04-06;0;0;0
2020-03-23;0;00. Nacional;19458310;0;0;114;746;11;1;734;0;114;0;0;0;0;0;0;0;0;0;0;0;0;0;0;0;0;0;0;0;0;0;0;0;0;0;0;0;0;0;0,0;0,0013404826;0,0147453083;SE13;2020-03-22;2020-03-28;Cuarentena Activa;10832;2020-03-22;2020-04-06;0;0;0
2020-03-24;0;00. Nacional;19458310;0;0;176;922;17;2;903;0;176;0;0;0;0;0;0;0;0;0;0;0;0;0;0;0;0;0;0;0;0;0;0;0;0;0;0;0;0;0;0,0;0,0021691974;0,0184381779;SE13;2020-03-22;2020-03-28;Cuarentena Activa;10832;2020-03-22;2020-04-06;0;0;0
2020-03-25;0;00. Nacional;19458310;3290;0;220;1142;22;3;1117;0;220;0;0;0;0;0;0;0;0;0;0;0;0;0;0;0;0;0;0;0;0;0;0;0;0;0;0;0;0;0;0,0668693009;0,0026269702;0,0192644483;SE13;2020-03-22;2020-03-28;Cuarentena Activa;10832;2020-03-22;2020-04-06;0;0;0
2020-03-26;0;00. Nacional;19458310;4886;0;164;1306;33;4;1269;0;164;0;0;0;0;0;0;0;0;0;0;0;0;0;0;0;0;0;0;0;0;0;0;0;0;0;0;0;0;0;0,0335652886;0,0030627871;0,0252679939;SE13;2020-03-22;2020-03-28;Cuarentena Activa;1615594;2020-03-26;2020-04-16;0;0;0
2020-03-27;0;00. Nacional;19458310;7387;0;304;1610;43;5;1562;0;304;0;0;0;10;0;0;0;0;0;0;0;0;0;0;0;0;0;0;0;0;0;0;0;0;0;0;0;0;0;0,0411533776;0,0031055901;0,0267080745;SE13;2020-03-22;2020-03-28;Cuarentena Activa;1697704;2020-03-27;2020-04-16;0;0;0
2020-03-28;0;00. Nacional;19458310;3534;0;299;1909;61;6;1842;0;299;0;0;0;11;0;0;0;0;0;0;0;0;0;0;0;0;0;0;0;0;0;0;0;0;0;0;0;0;0;0,084606678;0,0031430068;0,0319539026;SE13;2020-03-22;2020-03-28;Cuarentena Activa;2000063;2020-03-28;2020-04-30;0;0;0
2020-03-29;0;00. Nacional;19458310;1777;0;230;2139;75;7;2057;0;230;0;0;0;14;0;0;0;0;0;0;0;0;0;0;0;0;0;0;0;0;0;0;0;0;0;0;0;0;0;0,1294316263;0,0032725573;0,0350631136;SE14;2020-03-29;2020-04-04;Cuarentena Activa;2000063;2020-03-28;2020-04-30;0;0;0
2020-03-30;0;00. Nacional;19458310;3680;0;310;2449;156;8;2285;0;310;0;0;0;13;0;0;0;0;0;0;0;0;0;0;0;0;0;0;0;0;0;0;0;0;0;0;0;0;0;0,0842391304;0,0032666394;0,0636994692;SE14;2020-03-29;2020-04-04;Cuarentena Activa;2649103;2020-03-30;2020-04-30;0;0;0
2020-03-31;0;00. Nacional;19458310;3046;0;289;2738;201;12;2525;0;289;0;0;0;20;0;0;0;0;0;0;0;0;0;0;0;0;0;0;0;0;0;0;0;0;0;0;0;0;0;0,0948785292;0,0043827611;0,0734112491;SE14;2020-03-29;2020-04-04;Cuarentena Activa;2649103;2020-03-30;2020-04-30;0;0;0
2020-04-01;0;00. Nacional;19458310;2898;173;293;3031;234;16;2781;0;293;0;0;0;0;0;0;0;0;0;23;23;53;39;35;0;0;0;0;0;0;0;0;0;0;0;0;0;0;0;0,1011042098;0,0052787859;0,0772022435;SE14;2020-03-29;2020-04-04;Cuarentena Activa;2791087;2020-04-01;2020-05-07;0;0;0
2020-04-02;0;00. Nacional;19458310;2685;200;373;3404;335;18;3051;0;373;0;0;0;31;0;0;0;0;0;23;27;67;46;37;0;0;0;0;0;0;0;0;0;0;0;0;0;0;0;0,1389199255;0,0052878966;0,098413631;SE14;2020-03-29;2020-04-04;Cuarentena Activa;2791087;2020-04-01;2020-05-07;0;0;0
2020-04-03;0;00. Nacional;19458310;3405;237;333;3737;427;22;3288;0;333;0;0;0;29;0;0;0;0;0;26;34;74;56;47;0;0;0;0;0;0;0;0;0;0;0;0;0;0;0;0,0977973568;0,0058870752;0,1142627776;SE14;2020-03-29;2020-04-04;Cuarentena Activa;2649022;2020-04-01;2020-05-07;0;0;0
2020-04-04;0;00. Nacional;19458310;4483;280;424;4161;528;27;3606;0;424;0;0;0;38;0;0;0;0;0;40;36;84;68;52;0;0;0;0;0;0;0;0;0;0;0;0;0;0;0;0,0945795226;0,0064888248;0,1268925739;SE14;2020-03-29;2020-04-04;Cuarentena Activa;2649022;2020-04-01;2020-05-07;0;0;0
2020-04-05;0;00. Nacional;19458310;3343;307;310;4471;617;34;3820;0;310;0;0;0;36;0;0;0;0;0;40;40;89;75;63;0;0;0;0;0;0;0;0;0;0;0;0;0;0;0;0,0927310799;0,0076045627;0,1380004473;SE15;2020-04-05;2020-04-11;Cuarentena Activa;2649022;2020-04-01;2020-05-07;0;0;0
2020-04-06;0;00. Nacional;19458310;2908;327;344;4815;728;37;4050;0;344;0;0;0;53;0;0;0;0;0;38;40;95;78;76;0;0;0;0;0;0;0;0;0;0;0;0;0;0;0;0,1182943604;0,0076843198;0,1511941848;SE15;2020-04-05;2020-04-11;Cuarentena Activa;2649022;2020-04-01;2020-05-07;0;0;0
2020-04-07;0;00. Nacional;19458310;2258;337;301;5116;898;43;4175;0;301;0;0;0;54;0;0;0;0;0;39;38;101;82;77;0;0;0;0;0;0;0;0;0;0;0;0;0;0;0;0,1333038087;0,0084050039;0,1755277561;SE15;2020-04-05;2020-04-11;Cuarentena Activa;2638762;2020-04-01;2020-05-07;0;0;0
2020-04-08;0;00. Nacional;19458310;3269;362;430;5546;1115;48;4383;0;430;0;0;0;57;0;0;0;0;0;42;39;109;93;79;0;0;0;0;0;0;0;0;0;0;0;0;0;0;0;0,1315386968;0,0086548864;0,2010457988;SE15;2020-04-05;2020-04-11;Cuarentena Activa;2638762;2020-04-01;2020-05-07;0;0;0
2020-04-09;0;00. Nacional;19458310;7962;360;426;5972;1274;57;4641;0;426;0;0;0;54;0;0;0;0;0;46;48;102;89;75;2;1;1;9;21;19;4;34874;9597;23882;68353;3420;7962;605;3937;0,0535041447;0,0095445412;0,2133288681;SE15;2020-04-05;2020-04-11;Cuarentena Activa;3318448;2020-04-09;2020-05-08;0;0;0
2020-04-10;0;00. Nacional;19458310;4444;383;529;6501;1571;65;4865;0;529;0;0;0;70;0;0;0;0;0;45;48;111;99;80;2;2;2;10;22;21;6;37086;10056;25655;72797;2212;4444;459;1773;0,1190369037;0,0099984618;0,24165513;SE15;2020-04-05;2020-04-11;Cuarentena Activa;3318448;2020-04-09;2020-05-08;0;0;0
2020-04-11;0;00. Nacional;19458310;3577;383;426;6927;1864;73;4990;0;426;0;0;0;83;0;0;0;0;322;43;50;111;100;79;3;2;2;12;24;24;6;39078;10424;26872;76374;1992;3577;368;1217;0,119094213;0,0105384726;0,269091959;SE15;2020-04-05;2020-04-11;Cuarentena Activa;3318448;2020-04-09;2020-05-08;0;0;0
2020-04-12;0;00. Nacional;19458310;5897;387;286;7213;2059;80;5074;0;286;0;0;0;78;0;0;0;0;328;41;48;110;106;82;3;2;3;12;28;25;7;42035;10646;29590;82271;2957;5897;222;2718;0,0484992369;0,0110910855;0,2854568141;SE16;2020-04-12;2020-04-18;Cuarentena Activa;3318448;2020-04-09;2020-05-08;0;0;0
2020-04-13;0;00. Nacional;19458310;2764;387;312;7525;2367;82;5076;0;312;0;0;0;100;0;0;0;0;330;40;45;112;106;84;3;2;3;12;29;26;7;43624;10861;30550;85035;1589;2764;215;960;0,1128798842;0,01089701;0,314551495;SE16;2020-04-12;2020-04-18;Cuarentena Activa;3318448;2020-04-13;2020-05-08;0;0;0
2020-04-14;0;00. Nacional;19458310;2759;379;392;7917;2646;92;5179;0;392;1550;564;986;90;0;0;0;0;315;42;43;105;105;84;3;2;5;12;30;32;8;45265;11007;31522;87794;1641;2759;146;972;0,1420804639;0,0116205633;0,3342175066;SE16;2020-04-12;2020-04-18;Cuarentena Activa;2939849;2020-04-13;2020-05-08;0;0;0
2020-04-15;0;00. Nacional;19458310;4079;389;356;8273;2937;94;5242;0;356;1563;577;986;91;0;0;0;0;315;42;45;107;110;85;3;2;5;12;31;33;8;46889;11186;33798;91873;1624;4079;179;2276;0,0872762932;0,0113622628;0,3550102744;SE16;2020-04-12;2020-04-18;Cuarentena Activa;2939849;2020-04-13;2020-05-08;0;0;0
2020-04-16;0;00. Nacional;19458310;6551;384;534;8807;3299;105;5403;0;534;1582;569;1013;90;384;157;111;384;313;41;43;103;111;86;3;2;6;14;32;38;10;50837;11446;36141;98424;3948;6551;260;2343;0,0815142726;0,0119223345;0,3745883956;SE16;2020-04-12;2020-04-18;Cuarentena Activa;3694237;2020-04-16;2021-12-31;0;0;0
2020-04-17;0;00. Nacional;19458310;5449;385;445;9252;3621;116;5515;0;445;1604;579;1025;97;385;113;168;407;316;38;44;109;107;87;4;2;8;16;36;40;10;53258;11704;38911;103873;2421;5449;258;2770;0,0816663608;0,0125378297;0,3913748379;SE16;2020-04-12;2020-04-18;Cuarentena Activa;3004412;2020-04-16;2021-12-31;0;0;0
2020-04-18;0;00. Nacional;19458310;5018;360;478;9730;4035;126;5569;0;478;1627;588;1039;91;360;131;180;380;296;34;41;98;103;84;4;2;8;17;39;44;12;56358;12063;40470;108891;3100;5018;359;1559;0,0952570745;0,0129496403;0,414696814;SE16;2020-04-12;2020-04-18;Cuarentena Activa;3004412;2020-04-16;2021-12-31;0;0;0
2020-04-19;0;00. Nacional;19458310;4758;373;358;10088;4338;133;5617;0;358;1627;570;1057;96;407;195;134;373;312;38;40;96;111;88;4;2;9;18;41;46;13;58578;12248;42823;113649;2220;4758;185;2353;0,0752416982;0,013183981;0,4300158604;SE17;2020-04-19;2020-04-25;Cuarentena Activa;3004412;2020-04-16;2021-12-31;0;0;0
2020-04-20;0;00. Nacional;19458310;5178;377;419;10507;4676;139;5692;0;419;1621;538;1083;92;424;204;129;377;296;41;38;96;112;90;4;2;11;19;42;47;14;61640;12609;44578;118827;3062;5178;361;1755;0,0809192739;0,0132292757;0,4450366422;SE17;2020-04-19;2020-04-25;Cuarentena Activa;3004412;2020-04-16;2021-12-31;0;0;0
2020-04-21;0;00. Nacional;19458310;3530;392;325;10832;4969;147;5716;0;325;1614;521;1093;67;428;202;121;392;303;41;42;97;121;91;5;2;13;20;43;50;14;63919;12838;45600;122357;2279;3530;229;1022;0,0920679887;0,013570901;0,4587333826;SE17;2020-04-19;2020-04-25;Cuarentena Activa;3004412;2020-04-16;2021-12-31;0;0;0
2020-04-22;0;00. Nacional;19458310;6365;399;464;11296;5386;160;5750;0;464;1619;545;1074;66;422;219;184;399;309;44;43;96;120;96;5;2;14;26;47;51;15;67290;13087;48345;128722;3371;6365;249;2745;0,0728986646;0,0141643059;0,476805949;SE17;2020-04-19;2020-04-25;Cuarentena Activa;3004412;2020-04-16;2021-12-31;0;0;0
2020-04-23;0;00. Nacional;19458310;6425;411;516;11812;5804;168;5840;0;516;1622;536;1086;75;470;192;120;411;316;55;40;99;120;97;5;3;14;28;48;54;16;70854;13420;50873;135147;3564;6425;333;2528;0,080311284;0,0142228242;0,4913647139;SE17;2020-04-19;2020-04-25;Cuarentena Activa;3390648;2020-04-23;2021-12-31;0;0;0
2020-04-24;0;00. Nacional;19458310;7120;415;494;12306;6327;174;5805;0;494;1625;541;1084;83;489;189;118;415;325;58;45;100;113;99;5;4;14;30;49;56;16;74609;13763;53895;142267;3755;7120;343;3022;0,0693820225;0,0141394442;0,5141394442;SE17;2020-04-19;2020-04-25;Cuarentena Activa;3158197;2020-04-23;2021-12-31;0;0;0
2020-04-25;0;00. Nacional;19458310;6945;418;552;12858;6746;181;5931;0;552;1630;572;1058;83;494;193;125;418;321;61;40;102;114;101;6;6;15;31;50;57;16;78360;14130;56722;149212;3751;6945;367;2827;0,0794816415;0,0140768393;0,524653912;SE17;2020-04-19;2020-04-25;Cuarentena Activa;3158197;2020-04-23;2021-12-31;0;0;0
2020-04-26;0;00. Nacional;19458310;6763;415;473;13331;7024;189;6118;0;473;1702;620;1082;75;517;212;118;415;319;61;41;101;111;101;6;7;15;33;52;59;17;81708;14381;59886;155975;3348;6763;251;3164;0,069939376;0,0141774811;0,5268922061;SE18;2020-04-26;2020-05-02;Cuarentena Activa;3158197;2020-04-23;2021-12-31;0;0;0
2020-04-27;0;00. Nacional;19458310;5260;426;482;13813;7327;198;6288;0;482;1702;592;1110;81;513;225;122;426;325;63;39;105;112;107;6;7;16;35;57;60;17;84556;14623;62056;161235;2848;5260;242;2170;0,091634981;0,0143343227;0,5304423369;SE18;2020-04-26;2020-05-02;Cuarentena Activa;3158197;2020-04-23;2021-12-31;0;0;0
2020-04-28;0;00. Nacional;19458310;4930;428;552;14365;7710;207;6448;0;552;1700;583;1117;75;562;242;121;428;317;64;39;105;115;105;6;8;16;35;60;62;20;87485;14896;63784;166165;2929;4930;273;1728;0,1119675456;0,0144100244;0,5367211974;SE18;2020-04-26;2020-05-02;Cuarentena Activa;3158197;2020-04-23;2021-12-31;0;0;0
2020-04-29;0;00. Nacional;19458310;6454;418;520;15135;8057;216;6862;250;770;1705;595;1110;67;589;245;130;418;310;58;36;105;108;111;6;9;17;38;60;65;21;90218;15239;67162;172619;2733;6454;343;3378;0,1193058568;0,014271556;0,5323422531;SE18;2020-04-26;2020-05-02;Cuarentena Activa;3158197;2020-04-23;2021-12-31;0;0;0
2020-04-30;0;00. Nacional;19458310;7898;419;780;16023;8580;227;7216;108;888;1708;608;1100;69;595;245;137;419;323;52;41;103;115;108;6;10;17;40;65;68;21;93626;15681;71210;180517;3408;7898;442;4048;0,1124335275;0,0141671347;0,5354802471;SE18;2020-04-26;2020-05-02;Cuarentena Activa;3732359;2020-04-30;2021-12-31;0;0;0
2020-05-01;0;00. Nacional;19458310;8916;428;882;17008;9018;234;7756;103;985;1710;612;1098;65;612;248;161;428;327;50;44;108;115;111;6;10;18;41;68;70;21;97378;16144;75911;189433;3752;8916;463;4701;0,1104755496;0,0137582314;0,5302210724;SE18;2020-04-26;2020-05-02;Cuarentena Activa;3256018;2020-04-30;2021-12-31;0;0;0
2020-05-02;0;00. Nacional;19458310;9967;425;1246;18435;9572;247;8616;181;1427;1825;709;1116;62;653;255;171;425;324;52;42;111;110;110;6;11;18;43;72;75;23;101519;16680;81201;199400;4141;9967;536;5290;0,1431724691;0,0133984269;0,5192297261;SE18;2020-04-26;2020-05-02;Cuarentena Activa;3256018;2020-04-30;2021-12-31;0;0;0
2020-05-03;0;00. Nacional;19458310;6818;449;1112;19663;10041;260;9362;116;1228;1825;674;1151;69;712;256;184;449;339;55;45;118;117;114;6;12;18;45;73;80;26;105222;17229;83767;206218;3703;6818;549;2566;0,1801114696;0,0132228043;0,5106545288;SE19;2020-05-03;2020-05-09;Cuarentena Activa;3256018;2020-04-30;2021-12-31;0;0;0
2020-05-04;0;00. Nacional;19458310;7913;464;876;20643;10415;270;9958;104;980;1825;654;1174;71;787;280;198;464;354;55;50;122;123;114;6;12;20;46;76;83;27;109158;17669;87304;214131;3936;7913;440;3537;0,1238468343;0,0130794943;0,5045293804;SE19;2020-05-03;2020-05-09;Cuarentena Activa;3256018;2020-04-30;2021-12-31;0;0;0
2020-05-05;0;00. Nacional;19458310;7964;470;1317;22016;10710;275;11031;56;1373;1825;640;1185;77;836;278;214;470;356;54;50;115;130;121;6;13;20;46;76;85;29;112939;18206;90950;222095;3781;7964;537;3646;0,1724008036;0,0124909157;0,4864643895;SE19;2020-05-03;2020-05-09;Cuarentena Activa;4230244;2020-05-05;2021-12-31;0;0;0
2020-05-06;0;00. Nacional;19458310;10013;486;893;23048;11189;281;11578;139;1032;1825;636;1189;85;908;308;213;486;385;53;48;123;141;121;6;13;20;47;76;89;30;117156;18636;96316;232108;4217;10013;430;5366;0,1030660142;0,0121919472;0,4854651163;SE19;2020-05-03;2020-05-09;Cuarentena Activa;4230244;2020-05-05;2021-12-31;0;0;0
2020-05-07;0;00. Nacional;19458310;12118;493;1343;24581;11664;285;12632;190;1533;1825;627;1198;79;989;328;219;493;391;53;52;127;138;123;6;13;21;47;76;92;30;121905;19836;102485;244226;4749;12118;1200;6169;0,1265060241;0,0115943208;0,4745128351;SE19;2020-05-03;2020-05-09;Cuarentena Activa;4230244;2020-05-05;2021-12-31;0;0;0
2020-05-08;0;00. Nacional;19458310;11735;508;1183;25972;12160;294;13518;208;1391;1825;595;1230;79;1055;351;239;508;419;53;56;124;149;126;7;14;21;49;80;93;30;126551;20472;108938;255961;4646;11735;636;6453;0,1185342991;0,011319883;0,4681965193;SE19;2020-05-03;2020-05-09;Cuarentena Activa;5752244;2020-05-08;2021-12-31;0;0;0
2020-05-09;0;00. Nacional;19458310;11943;544;1004;27219;12667;304;14248;243;1247;1825;549;1276;84;1119;359;237;544;445;59;66;134;154;131;7;15;22;52;82;93;33;131117;21276;115511;267904;4566;11943;804;6573;0,1044126266;0,0111686689;0,4653734524;SE19;2020-05-03;2020-05-09;Cuarentena Activa;5752244;2020-05-08;2021-12-31;0;0;0
2020-05-10;0;00. Nacional;19458310;12780;565;1406;28866;13112;312;15442;241;1647;1825;550;1275;87;1163;372;262;565;470;61;68;139;160;137;7;16;22;54;84;95;34;137284;21878;121522;280684;6167;12780;602;6011;0,1288732394;0,0108085637;0,4542368184;SE20;2020-05-10;2020-05-16;Cuarentena Activa;5752244;2020-05-08;2021-12-31;0;0;0
2020-05-11;0;00. Nacional;19458310;13373;574;975;30063;13605;323;16135;222;1197;1912;606;1306;80;1201;391;280;574;474;62;73;136;166;137;7;16;23;56;89;96;36;142795;22461;128801;294057;5511;13373;583;7279;0,0895087116;0,010744104;0,4525496457;SE20;2020-05-10;2020-05-16;Cuarentena Activa;5752244;2020-05-08;2021-12-31;0;0;0
2020-05-12;0;00. Nacional;19458310;9283;604;1479;31721;14125;335;17261;179;1658;1912;582;1330;113;1291;413;285;604;494;73;71;145;176;139;8;18;24;56;92;99;38;146747;23542;133051;303340;3952;9283;1081;4250;0,1786060541;0,0105608272;0,4452886101;SE20;2020-05-10;2020-05-16;Cuarentena Activa;5752244;2020-05-08;2021-12-31;0;0;0
2020-05-13;0;00. Nacional;19458310;10410;642;2152;34381;14865;346;19170;508;2660;1912;553;1359;118;1426;443;307;642;538;77;75;152;188;150;8;19;27;58;94;102;38;150570;24239;138941;313750;3823;10410;697;5890;0,2555235351;0,010063698;0,432360897;SE20;2020-05-10;2020-05-16;Cuarentena Activa;5752244;2020-05-08;2021-12-31;0;0;0
2020-05-14;0;00. Nacional;19458310;11502;663;2301;37040;15655;368;21017;358;2659;1912;515;1397;114;1532;474;336;663;555;78;77;162;197;149;9;22;27;63;102;107;38;155863;25330;144224;325417;5293;11502;1091;5118;0,2311771866;0,0099352052;0,4226511879;SE20;2020-05-10;2020-05-16;Cuarentena Activa;5752244;2020-05-08;2021-12-31;0;0;0
2020-05-15;0;00. Nacional;19458310;16095;711;2112;39542;16614;394;22534;390;2502;1912;419;1493;124;1605;511;342;711;584;82;84;182;213;150;10;22;31;65;110;117;39;162975;26266;152271;341512;7112;16095;936;8047;0,1554520037;0,0099640888;0,4201608416;SE20;2020-05-10;2020-05-16;Cuarentena Activa;8600860;2020-05-15;2021-12-31;0;0;0
2020-05-16;0;00. Nacional;19458310;8813;751;1573;41428;18014;421;22993;313;1886;1912;414;1498;127;1656;548;378;751;624;94;95;188;214;160;10;24;32;73;118;123;41;166097;27511;156717;350325;3122;8813;1245;4446;0,2140020424;0,0101622091;0,4348266873;SE20;2020-05-10;2020-05-16;Cuarentena Activa;8261783;2020-05-15;2021-12-31;0;0;0
2020-05-17;0;00. Nacional;19458310;13171;769;2024;43781;19213;450;24118;329;2353;2130;569;1561;131;1779;554;416;769;627;95;94;196;217;167;10;25;35;78;126;132;44;172275;28860;162361;363496;6178;13171;1349;5644;0,1786500645;0,0102784313;0,4388433339;SE21;2020-05-17;2020-05-23;Cuarentena Activa;8261783;2020-05-15;2021-12-31;0;0;0
2020-05-18;0;00. Nacional;19458310;17515;807;2018;46059;20165;478;25416;260;2278;2130;526;1604;116;1964;567;462;807;670;100;98;211;222;176;10;28;40;82;133;136;49;179351;29789;171871;381011;7076;17515;929;9510;0,1300599486;0,0103779934;0,4378080288;SE21;2020-05-17;2020-05-23;Cuarentena Activa;8261783;2020-05-15;2021-12-31;0;0;0
2020-05-19;0;00. Nacional;19458310;16189;876;3099;49579;21507;509;27563;421;3520;2130;455;1675;134;2063;638;486;876;728;110;111;231;242;182;11;30;47;83;141;145;52;186696;31366;179138;397200;7345;16189;1577;7267;0,2174315894;0,0102664435;0,4337925331;SE21;2020-05-17;2020-05-23;Cuarentena Activa;8261783;2020-05-15;2021-12-31;0;0;0
2020-05-20;0;00. Nacional;19458310;12469;904;3647;53617;22504;544;30569;391;4038;2130;390;1740;143;2180;660;504;904;758;111;117;233;256;187;11;31;51;92;152;152;55;192548;33072;184049;409669;5852;12469;1706;4911;0,323843131;0,0101460358;0,4197176269;SE21;2020-05-17;2020-05-23;Cuarentena Activa;8261783;2020-05-15;2021-12-31;0;0;0
2020-05-21;0;00. Nacional;19458310;16334;943;3538;57581;23992;589;33000;426;3964;2130;332;1798;148;2305;699;540;943;795;120;117;247;266;193;12;32;57;99;173;159;57;198250;34455;193298;426003;5702;16334;1383;9249;0,2426839721;0,0102290686;0,4166652194;SE21;2020-05-17;2020-05-23;Cuarentena Activa;8261783;2020-05-15;2021-12-31;0;0;0
2020-05-22;0;00. Nacional;19458310;16090;986;3863;61857;25342;630;35885;413;4276;2177;346;1831;159;2343;756;562;986;850;128;121;256;288;193;13;33;58;106;183;178;59;203858;35392;202843;442093;5608;16090;937;9545;0,2657551274;0,010184781;0,4096868584;SE21;2020-05-17;2020-05-23;Cuarentena Activa;8272832;2020-05-22;2021-12-31;0;0;0
2020-05-23;0;00. Nacional;19458310;15239;1062;3237;65393;26546;673;38174;299;3536;2250;336;1914;212;2447;819;586;1062;900;132;127;280;318;205;14;35;64;112;193;193;62;209406;36886;211040;457332;5548;15239;1494;8197;0,2320362228;0,0102916214;0,4059455905;SE21;2020-05-17;2020-05-23;Cuarentena Activa;8272832;2020-05-22;2021-12-31;0;0;0
2020-05-24;0;00. Nacional;19458310;14426;1090;3343;69102;28148;718;40236;366;3709;2318;348;1970;211;2556;851;652;1090;942;131;123;292;331;213;16;38;67;121;210;200;66;213785;38155;219818;471758;4379;14426;1269;8778;0,2571052267;0,0103904373;0,4073398744;SE22;2020-05-24;2020-05-30;Cuarentena Activa;8272832;2020-05-22;2021-12-31;0;0;0
2020-05-25;0;00. Nacional;19458310;16283;1135;4428;73997;29302;761;43934;467;4895;2347;322;2025;220;2617;893;647;1135;989;136;128;307;345;219;16;41;69;128;225;208;74;219739;39599;228703;488041;5954;16283;1444;8885;0,3006202788;0,0102842007;0,3959890266;SE22;2020-05-24;2020-05-30;Cuarentena Activa;8272832;2020-05-22;2021-12-31;0;0;0
2020-05-26;0;00. Nacional;19458310;13084;1202;3618;77961;30915;806;46240;346;3964;2370;329;2041;229;2739;966;706;1202;1029;137;141;336;357;231;16;42;76;137;239;218;78;224214;40950;235961;501125;4562;13084;1351;7171;0,302965454;0,0103385026;0,3965444261;SE22;2020-05-24;2020-05-30;Cuarentena Activa;8272832;2020-05-22;2021-12-31;0;0;0
2020-05-27;0;00. Nacional;19458310;13398;1251;3956;82289;33540;841;47908;372;4328;2417;331;2086;239;2895;1071;719;1251;1048;135;145;369;366;236;16;43;81;150;250;218;83;229125;41870;243528;514523;4911;13398;920;7567;0,3230332886;0,010220078;0,4075878915;SE22;2020-05-24;2020-05-30;Cuarentena Activa;8272832;2020-05-22;2021-12-31;0;0;0
2020-05-28;0;00. Nacional;19458310;15650;1289;4128;86943;36115;890;49938;526;4654;2479;346;2133;239;3007;1071;753;1289;1079;142;153;373;378;243;18;44;89;165;259;228;87;235326;42803;252044;530173;6201;15650;933;8516;0,2973801917;0,0102365918;0,4153870927;SE22;2020-05-24;2020-05-30;Cuarentena Activa;8272832;2020-05-22;2021-12-31;0;0;0
2020-05-29;0;00. Nacional;19458310;16333;1350;3355;90638;38598;944;51096;340;3695;2518;345;2173;306;2983;1139;772;1350;1143;137;162;395;410;246;19;46;94;173;279;242;91;241466;44224;260816;546506;6140;16333;1421;8772;0,2262291067;0,0104150577;0,4258478784;SE22;2020-05-24;2020-05-30;Cuarentena Activa;8272832;2020-05-22;2021-12-31;4157;1417;85
2020-05-30;0;00. Nacional;19458310;16814;1371;3736;94858;40431;997;53430;484;4220;2544;345;2173;306;3091;1180;808;1371;1151;133;161;404;431;242;23;48;97;185;295;255;94;248018;45509;269793;563320;6552;16814;1285;8977;0,2509813251;0,0105104472;0,4262265702;SE22;2020-05-24;2020-05-30;Cuarentena Activa;7832331;2020-05-22;2021-12-31;4157;1417;85
2020-05-31;0;00. Nacional;19458310;19120;1383;4437;99688;42727;1054;55907;393;4830;2576;313;2263;318;3256;1245;825;1383;1174;130;160;403;439;251;28;50;105;189;309;275;98;254646;46528;281266;582440;6628;19120;1019;11473;0,2526150628;0,0105729877;0,4286072546;SE23;2020-05-31;2020-06-06;Cuarentena Activa;7832331;2020-05-22;2021-12-31;4216;1661;90
2020-06-01;0;00. Nacional;19458310;16890;1446;5082;105159;44946;1113;59100;389;5471;2604;286;2318;328;3373;1300;828;1446;1209;133;170;414;470;259;29;51;114;200;326;293;100;260086;48592;290652;599330;5440;16890;2064;9386;0,323919479;0,0105839728;0,4274099221;SE23;2020-05-31;2020-06-06;Cuarentena Activa;7832331;2020-05-22;2021-12-31;0;0;0
2020-06-02;0;00. Nacional;19458310;13442;1451;3206;108686;86173;1188;21325;321;3527;2739;340;2399;326;3258;1310;853;1451;1202;140;173;414;472;252;31;51;124;214;350;313;105;264404;49786;298582;612772;5247;13440;1194;7001;0,2623865496;0,0109305706;0,7928620061;SE23;2020-05-31;2020-06-06;Cuarentena Activa;7832331;2020-05-22;2021-12-31;4347;1901;92
2020-06-03;0;00. Nacional;19458310;15546;1475;4537;113628;90748;1275;21605;405;4942;2739;330;2409;339;3320;1375;878;1475;1218;143;173;413;489;257;32;55;136;235;376;329;112;270253;50919;307146;628318;5849;15546;1133;8564;0,3178952785;0,0112208259;0,79864118;SE23;2020-05-31;2020-06-06;Cuarentena Activa;7832331;2020-05-22;2021-12-31;4465;2080;93
2020-06-04;0;00. Nacional;19458310;18140;1496;4172;118292;95631;1356;21305;492;4664;2739;323;2416;354;3067;1406;896;1496;1261;135;179;424;486;272;35;60;144;252;397;352;116;276926;51743;317789;646458;6673;18458;824;10643;0,2571113561;0,011463159;0,8084316775;SE23;2020-05-31;2020-06-06;Cuarentena Activa;7832331;2020-05-22;2021-12-31;8231;2325;136
2020-06-05;0;00. Nacional;19458310;21780;1521;3790;122499;99358;1448;21693;417;4207;2767;327;2440;337;3109;1417;889;1521;1291;143;180;426;496;276;36;62;152;271;432;372;123;284378;53304;330874;668556;7471;21780;1559;12750;0,1931588613;0,0118205047;0,8110923354;SE23;2020-05-31;2020-06-06;Cuarentena Activa;7832331;2020-05-22;2021-12-31;11631;2462;129
2020-06-06;0;00. Nacional;19458310;18954;1524;4888;127745;103817;1541;22387;358;5246;2774;312;2462;353;3022;1430;920;1524;1294;144;181;427;499;273;37;67;162;281;467;398;129;292490;54505;340515;687510;8112;18954;1201;9641;0,2767753508;0,0120630944;0,812689342;SE23;2020-05-31;2020-06-06;Cuarentena Activa;7821282;2020-05-22;2021-12-31;11786;2719;130
2020-06-07;0;00. Nacional;19458310;21265;1558;5760;134150;107597;2190;24363;645;6405;2823;328;2495;372;3039;1486;932;1558;1336;145;176;436;522;279;57;74;210;405;662;603;179;299684;55692;353397;708773;7194;21265;1189;12882;0,3011991535;0,0163250093;0,8020648528;SE24;2020-06-07;2020-06-13;Cuarentena Activa;7821282;2020-05-22;2021-12-31;11812;2767;130
2020-06-08;0;00. Nacional;19458310;20040;1581;4237;138846;112248;2264;24334;459;4696;2855;321;2534;380;3003;1538;933;1581;1333;147;184;440;527;283;60;78;219;421;682;618;186;305765;57398;365652;728815;6081;20040;1704;12255;0,2343313373;0,0163058352;0,8084352448;SE24;2020-06-07;2020-06-13;Cuarentena Activa;7821282;2020-05-22;2021-12-31;11812;2876;130
2020-06-09;0;00. Nacional;19458310;17777;1577;3587;142759;117361;2283;23115;326;3913;2906;313;2593;364;3066;1622;937;1577;1325;139;185;444;523;286;60;79;221;427;686;623;187;312201;58325;376066;746592;6436;17777;927;10414;0,2201158801;0,0159919865;0,8220917771;SE24;2020-06-07;2020-06-13;Cuarentena Activa;7918043;2020-06-09;2021-12-31;11812;3311;130
2020-06-10;0;00. Nacional;19458310;14477;1590;5226;148496;121820;2475;24201;511;5737;2873;311;2562;365;3157;1706;1017;1590;1354;142;189;447;519;293;63;86;238;475;751;668;194;318602;59330;383135;761067;6401;14477;1007;7069;0,3962837604;0,0166671156;0,8203587975;SE24;2020-06-07;2020-06-13;Cuarentena Activa;7918043;2020-06-09;2021-12-31;11960;3360;129
2020-06-11;0;00. Nacional;19458310;19976;1618;5089;154092;126444;2648;25000;507;5596;2876;331;2545;386;3215;1762;1045;1618;1379;148;196;463;519;292;68;92;249;508;807;715;209;326380;60453;394210;781043;7778;19976;1123;11075;0,2801361634;0,0171845391;0,8205747216;SE24;2020-06-07;2020-06-13;Cuarentena Activa;7918043;2020-06-09;2021-12-31;12310;3926;131
2020-06-12;0;00. Nacional;19458310;18733;1647;6217;160846;131358;2870;26618;537;6754;2863;310;2553;372;3272;1847;1043;1647;1391;152;207;467;526;295;73;100;267;557;872;775;226;333628;61170;404978;799776;7248;18733;717;10768;0,3605402231;0,0178431543;0,8166693608;SE24;2020-06-07;2020-06-13;Cuarentena Activa;9122098;2020-06-12;2021-12-31;12310;3926;131
2020-06-13;0;00. Nacional;19458310;20223;1656;5969;167355;137296;3101;26958;540;6509;2894;305;2589;377;3335;1845;1074;1656;1408;152;212;470;518;304;80;106;295;613;933;838;236;341111;62467;416421;819999;7483;20223;1297;11443;0,3218612471;0,0185294733;0,8203877984;SE24;2020-06-07;2020-06-13;Cuarentena Activa;9122098;2020-06-12;2021-12-31;12264;4326;131
2020-06-14;0;00. Nacional;19458310;20151;1715;6368;174293;143704;3323;27266;570;6938;2898;306;2592;399;3416;1846;1116;1715;1465;153;216;488;544;314;81;110;322;656;1006;893;255;348381;63387;428382;840150;7270;20151;920;11961;0,344300531;0,0190655964;0,8244966809;SE25;2020-06-14;2020-06-20;Cuarentena Activa;9122098;2020-06-12;2021-12-31;12121;4267;131
2020-06-15;0;00. Nacional;19458310;18808;1723;4660;179436;148792;3362;27282;483;5143;3017;391;2626;385;3458;1868;1136;1723;1463;153;215;492;547;316;84;111;325;669;1015;899;259;355258;64771;438929;858958;6877;18808;1384;10547;0,2734474692;0,0187364854;0,8292204463;SE25;2020-06-14;2020-06-20;Cuarentena Activa;9122098;2020-06-12;2021-12-31;12020;4335;131
2020-06-16;0;00. Nacional;19458310;14575;1727;4498;184449;156232;3383;24834;515;5013;3014;377;2637;376;3460;1931;1171;1727;1470;154;223;490;550;310;84;112;327;675;1020;904;261;361854;65204;446475;873533;6596;14575;433;7546;0,3439451115;0,0183411133;0,8470200435;SE25;2020-06-14;2020-06-20;Cuarentena Activa;9122098;2020-06-12;2021-12-31;12043;4661;131
2020-06-17;0;00. Nacional;19458310;12636;1794;4320;220628;181931;3615;35082;437;4757;3014;356;2658;369;3466;1990;1184;1794;1529;153;230;508;580;323;88;127;351;723;1085;966;275;367978;65939;452252;886169;6124;12636;735;5777;0,3764640709;0,0163850463;0,8246052178;SE25;2020-06-14;2020-06-20;Cuarentena Activa;9122098;2020-06-12;2021-12-31;11301;4691;137
2020-06-18;0;00. Nacional;19458310;16997;1845;4060;225103;186441;3841;34821;383;4475;3014;353;2661;399;3551;1969;1177;1845;1572;162;238;516;595;334;89;136;369;787;1146;1030;284;374738;66540;461888;903166;6760;16997;601;9636;0,2632817556;0,0170632999;0,8282475134;SE25;2020-06-14;2020-06-20;Cuarentena Activa;9122098;2020-06-12;2021-12-31;10933;4233;139
2020-06-19;0;00. Nacional;19458310;20347;1911;5016;231393;191491;4093;35809;599;6290;3014;322;2692;395;3483;1932;1187;1911;1645;169;238;541;623;340;93;140;395;847;1222;1099;297;382321;67421;473771;923513;7583;20347;881;11883;0,309136482;0,0176885213;0,8275574456;SE25;2020-06-14;2020-06-20;Cuarentena Activa;9762435;2020-06-19;2021-12-31;9424;4446;131
2020-06-20;0;00. Nacional;19458310;20080;1951;4564;236748;196609;4295;35844;418;5355;3014;311;2703;416;3505;1956;1211;1951;1682;172;254;548;630;347;94;144;413;895;1281;1152;316;389568;68346;485679;943593;7247;20080;925;11908;0,2666832669;0,0181416527;0,8304568571;SE25;2020-06-14;2020-06-20;Cuarentena Activa;9762435;2020-06-19;2021-12-31;9014;4576;136
2020-06-21;0;00. Nacional;19458310;20115;1996;4181;242355;200569;4479;37307;594;5607;3018;302;2716;393;3536;1919;1250;1996;1713;177;256;565;647;351;97;150;433;934;1337;1198;330;397479;69168;497061;963708;7911;20115;822;11382;0,2787472036;0,0184811537;0,8275835035;SE26;2020-06-21;2020-06-27;Cuarentena Activa;9762435;2020-06-19;2021-12-31;9314;4973;138
2020-06-22;0;00. Nacional;19458310;18645;2014;3710;246963;205397;4502;37064;399;4608;3018;284;2734;403;3517;1963;1294;2014;1726;179;259;559;661;356;98;150;434;942;1344;1204;330;405138;70175;507040;982353;7659;18645;1007;9979;0,2471440064;0,0182294514;0,831691387;SE26;2020-06-21;2020-06-27;Cuarentena Activa;9762435;2020-06-19;2021-12-31;9242;5073;138
2020-06-23;0;00. Nacional;19458310;12707;2009;3078;250767;210570;4505;35692;336;3804;3022;257;2765;392;3539;1984;1294;2009;1720;176;261;556;666;350;98;150;434;942;1344;1206;331;411631;70727;512702;995060;6493;12707;552;5662;0,2993625561;0,0179648837;0,8397037888;SE26;2020-06-21;2020-06-27;Cuarentena Activa;10231015;2020-06-23;2021-12-31;9242;5189;138
2020-06-24;0;00. Nacional;19458310;12575;2046;3020;254416;215093;4731;34592;264;3649;3023;280;2743;424;3600;2026;1334;2046;1742;175;262;557;689;363;105;157;458;987;1414;1259;351;416956;71275;519404;1007635;5325;12575;548;6702;0,2901789264;0,0185955286;0,84543818;SE26;2020-06-21;2020-06-27;Cuarentena Activa;10231015;2020-06-23;2021-12-31;9277;5267;141
2020-06-25;0;00. Nacional;19458310;17446;2078;3778;259064;219327;4903;34834;423;4648;3039;300;2739;427;3549;2013;1325;2078;1751;179;265;563;701;370;107;160;473;1035;1460;1299;369;423720;72011;529350;1025081;7216;17446;736;9494;0,2664221025;0,0189258253;0,8466131921;SE26;2020-06-21;2020-06-27;Cuarentena Activa;10231015;2020-06-23;2021-12-31;9405;5587;141
2020-06-26;0;00. Nacional;19458310;18249;2086;3422;263360;223431;5068;34861;413;4296;3046;305;2741;437;3449;2014;1368;2086;1772;176;256;568;721;365;109;162;499;1071;1511;1338;378;431617;72641;539072;1043330;7897;18249;630;9722;0,2354101595;0,0192436209;0,8483862394;SE26;2020-06-21;2020-06-27;Cuarentena Activa;10515468;2020-06-26;2021-12-31;9588;5471;148
2020-06-27;0;00. Nacional;19458310;17944;2090;3481;267766;228055;5347;34364;426;4406;3040;267;2773;419;3486;1942;1379;2090;1741;171;245;573;733;368;115;172;513;1125;1567;1388;467;439281;73209;548784;1061274;7664;17944;568;9712;0,2455416852;0,0199689281;0,8516951368;SE26;2020-06-21;2020-06-27;Cuarentena Activa;10515468;2020-06-26;2021-12-31;9474;5905;149
2020-06-28;0;00. Nacional;19458310;18370;2129;3396;271982;232210;5509;34263;402;4216;3080;302;2778;400;3378;1823;1430;2129;1793;171;244;572;763;379;117;178;532;1159;1608;1430;485;447182;74036;558426;1079644;7901;18370;827;9642;0,2295046271;0,0202550169;0,8537697348;SE27;2020-06-28;2020-07-04;Cuarentena Activa;10515468;2020-06-26;2021-12-31;9793;5985;151
2020-06-29;0;00. Nacional;19458310;16799;2090;3092;275999;236154;5575;34270;432;4017;3107;291;2816;401;3413;1827;1423;2090;1763;166;238;551;752;383;117;181;538;1174;1627;1444;494;454078;74862;567503;1096443;6896;16799;826;9077;0,2391213763;0,0201993485;0,8556335349;SE27;2020-06-28;2020-07-04;Cuarentena Activa;10515468;2020-06-26;2021-12-31;9505;5979;150
2020-06-30;0;00. Nacional;19458310;13349;2106;2690;279393;241229;5688;32476;338;3394;3114;293;2821;398;3300;1828;1383;2106;1756;165;241;555;755;390;117;184;549;1192;1660;1479;507;460155;75415;574222;1109792;6077;13349;553;6719;0,2542512548;0,0203584199;0,8634038791;SE27;2020-06-28;2020-07-04;Cuarentena Activa;10515468;2020-06-26;2021-12-31;9661;5828;151
2020-07-01;0;00. Nacional;19458310;10385;2075;2134;282043;245443;5753;30847;300;2650;3102;274;2828;407;3285;1811;1395;2075;1720;162;232;539;750;392;119;186;556;1205;1673;1495;519;465774;75809;578594;1120177;5619;10385;394;4372;0,2551757342;0,0203975989;0,8702325532;SE27;2020-06-28;2020-07-04;Cuarentena Activa;10515468;2020-06-26;2021-12-31;9653;5695;151
2020-07-02;0;00. Nacional;19458310;10831;2099;2042;284541;249247;5920;29374;230;2498;3120;276;2844;405;3297;1734;1380;2099;1762;172;232;544;766;385;124;189;580;1248;1706;1532;541;471063;76244;583701;1131008;5289;10831;435;5107;0,2306342905;0,0208054375;0,8759616365;SE27;2020-06-28;2020-07-04;Cuarentena Activa;10515468;2020-06-26;2021-12-31;9679;5593;152
2020-07-03;0;00. Nacional;19458310;15585;2107;2703;288089;253343;6051;28695;322;3548;3135;289;2846;420;3243;1720;1334;2107;1757;167;234;544;766;396;124;194;594;1275;1745;1571;548;477982;76796;591815;1146593;6919;15585;552;8114;0,2276547963;0,0210039259;0,8793914381;SE27;2020-06-28;2020-07-04;Cuarentena Activa;10515468;2020-06-26;2021-12-31;9740;5434;153
2020-07-04;0;00. Nacional;19458310;17287;2077;2951;291847;257445;6192;28210;371;3758;3143;318;2825;404;3234;1687;1280;2077;1731;161;229;540;755;392;126;196;603;1313;1779;1610;565;485269;77393;601218;1163880;7287;17287;597;9403;0,2173887893;0,0212165964;0,8821231673;SE27;2020-06-28;2020-07-04;Cuarentena Activa;10515468;2020-06-26;2021-12-31;9872;5341;154
2020-07-05;0;00. Nacional;19458310;18004;2078;2852;295532;261030;6308;28194;438;3685;3175;350;2825;385;3207;1692;1272;2078;1736;157;221;536;759;405;128;198;618;1337;1816;1633;578;492627;78215;611042;1181884;7358;18004;822;9824;0,2046767385;0,0213445583;0,8832546053;SE28;2020-07-05;2020-07-11;Cuarentena Activa;10515468;2020-06-26;2021-12-31;9952;5367;152
2020-07-06;0;00. Nacional;19458310;16377;2069;2354;298557;264369;6384;27804;404;3025;3170;351;2819;377;3230;1717;1293;2069;1747;156;215;522;765;411;130;202;625;1354;1839;1650;584;500559;79041;618661;1198261;7932;16377;826;7619;0,1847102644;0,0213828515;0,8854892031;SE28;2020-07-05;2020-07-11;Cuarentena Activa;10515468;2020-06-26;2021-12-31;9927;5416;151
2020-07-07;0;00. Nacional;19458310;12065;2060;1946;301019;268245;6434;26340;266;2462;3180;343;2837;381;3217;1722;1259;2060;1699;154;211;521;767;407;131;202;632;1363;1855;1662;589;506565;79409;624352;1210326;6006;12065;368;5691;0,2040613344;0,0213740661;0,8911231517;SE28;2020-07-05;2020-07-11;Cuarentena Activa;10515468;2020-06-26;2021-12-31;9882;5514;147
2020-07-08;0;00. Nacional;19458310;10464;2053;1638;303083;271703;6573;24807;265;2064;3180;364;2816;375;3102;1664;1271;2053;1712;142;216;514;759;422;136;211;654;1384;1892;1691;605;511985;79684;629121;1220790;5420;10464;275;4769;0,1972477064;0,0216871286;0,8964640049;SE28;2020-07-05;2020-07-11;Cuarentena Activa;10515468;2020-06-26;2021-12-31;9963;5550;149
2020-07-09;0;00. Nacional;19458310;16842;1999;2395;306216;274922;6682;24612;432;3133;3200;384;2816;384;3074;1728;1229;1999;1670;141;208;494;734;422;139;216;666;1409;1921;1716;615;518874;80417;638341;1237632;6889;16842;733;9220;0,1860230376;0,0218211981;0,8978041644;SE28;2020-07-05;2020-07-11;Cuarentena Activa;10515468;2020-06-26;2021-12-31;10286;5559;151
2020-07-10;0;00. Nacional;19458310;17727;1990;2392;309274;278053;6781;24440;460;3058;3216;425;2791;371;3051;1775;1190;1990;1648;142;210;488;726;424;141;218;676;1429;1951;1745;621;526703;81052;647604;1255359;7829;17727;635;9263;0,172505218;0,0219255418;0,89905068;SE28;2020-07-05;2020-07-11;Cuarentena Activa;10515468;2020-06-26;2021-12-31;10029;5712;153
2020-07-11;0;00. Nacional;19458310;18268;1999;2219;312029;281140;6881;24008;405;2755;3182;453;2729;365;3034;1735;1158;1999;1653;145;206;496;720;432;141;218;681;1465;1982;1767;627;534930;81793;656904;1273627;8227;18268;741;9300;0,1508101598;0,0220524374;0,9010059962;SE28;2020-07-05;2020-07-11;Cuarentena Activa;10515468;2020-06-26;2021-12-31;10088;5771;154
2020-07-12;0;00. Nacional;19458310;19171;1995;2371;315041;283896;6979;24166;389;3012;3184;466;2718;350;2887;1680;1155;1995;1669;143;198;498;723;433;144;224;699;1484;2014;1780;634;543184;82433;667181;1292798;8254;19171;640;10277;0,157112305;0,0221526722;0,9011398516;SE29;2020-07-12;2020-07-18;Cuarentena Activa;10515468;2020-06-26;2021-12-31;10124;5924;155
2020-07-13;0;00. Nacional;19458310;17467;1931;1985;317657;286556;7024;24077;451;2616;3172;440;2732;341;2854;1671;1172;1931;1613;135;188;482;696;430;145;226;703;1496;2024;1795;635;550717;83616;675932;1310265;7533;17467;1183;8751;0,1497681342;0,0221119006;0,9020925086;SE29;2020-07-12;2020-07-18;Cuarentena Activa;10515468;2020-06-26;2021-12-31;10180;6018;156
2020-07-14;0;00. Nacional;19458310;12238;1915;1444;319493;289219;7069;23205;244;1836;3171;427;2744;342;2833;1667;1146;1915;1596;139;191;471;686;428;145;228;705;1512;2033;1808;638;557367;84143;680993;1322503;6650;12238;527;5061;0,1500245138;0,0221256804;0,9052436204;SE29;2020-07-12;2020-07-18;Cuarentena Activa;10826730;2020-07-14;2021-12-31;10391;6059;160
2020-07-15;0;00. Nacional;19458310;12209;1878;1400;321205;292085;7186;21934;186;1712;3170;436;2734;341;2718;1681;1135;1878;1573;143;189;465;663;418;146;232;717;1542;2062;1838;649;564369;84710;685633;1334712;7002;12209;567;4640;0,1402244246;0,0223720054;0,9093413863;SE29;2020-07-12;2020-07-18;Cuarentena Activa;10826730;2020-07-14;2021-12-31;10029;5941;157
2020-07-16;0;00. Nacional;19458310;17192;1821;1949;323698;295301;7290;21107;367;2475;3166;467;2699;314;2517;1602;1093;1821;1516;132;181;451;643;414;149;235;727;1572;2087;1858;662;571782;85581;694541;1351904;7413;17192;871;8908;0,1439623081;0,0225209918;0,9122731682;SE29;2020-07-12;2020-07-18;Cuarentena Activa;10826730;2020-07-14;2021-12-31;10081;5884;157
2020-07-17;0;00. Nacional;19458310;18699;1796;2125;326539;296814;8347;21378;545;2840;3160;490;2670;327;2544;1578;1077;1796;1502;130;184;441;631;410;188;288;865;1789;2363;2107;747;579948;86492;704163;1370603;8166;18699;911;9622;0,1518797797;0,0255620309;0,9089695258;SE29;2020-07-12;2020-07-18;Cuarentena Activa;10826730;2020-07-14;2021-12-31;9963;5855;157
2020-07-18;0;00. Nacional;19458310;17716;1792;1624;328846;299449;8445;20952;373;2185;3153;477;2676;301;2418;1561;1065;1792;1465;130;187;433;633;409;190;294;877;1812;2380;2132;760;588351;87217;712751;1388319;8403;17716;725;8588;0,1233348386;0,0256807138;0,9106055722;SE29;2020-07-12;2020-07-18;Cuarentena Activa;10826730;2020-07-14;2021-12-31;9990;5847;158
2020-07-19;0;00. Nacional;19458310;15728;1764;1615;330930;301794;8503;20633;359;2082;3142;444;2698;303;2277;1531;1061;1764;1459;120;180;430;629;405;193;295;887;1824;2393;2146;765;596739;87677;719631;1404047;8388;15728;460;6880;0,1323753815;0,0256942556;0,9119572115;SE30;2020-07-19;2020-07-25;Cuarentena Activa;10826730;2020-07-14;2021-12-31;10494;5936;157
2020-07-20;0;00. Nacional;19458310;16343;1753;1599;333029;303992;8633;20404;340;2099;3136;465;2671;276;2131;1557;1042;1753;1469;121;180;423;623;406;198;297;898;1852;2438;2180;770;604778;88503;727109;1420390;8039;16343;826;7478;0,128434192;0,0259226674;0,912809395;SE30;2020-07-19;2020-07-25;Cuarentena Activa;10826730;2020-07-14;2021-12-31;10520;5913;158
2020-07-21;0;00. Nacional;19458310;12590;1728;1342;334683;306816;8677;19190;230;1656;3131;459;2672;264;2139;1580;1039;1728;1415;115;175;420;615;403;198;298;902;1860;2454;2193;772;611609;88962;732409;1432980;6831;12590;459;5300;0,1315329627;0,0259260255;0,9167361354;SE30;2020-07-19;2020-07-25;Cuarentena Activa;10826730;2020-07-14;2021-12-31;10787;5850;159
2020-07-22;0;00. Nacional;19458310;12793;1688;1391;336402;309241;8722;18439;238;1741;3123;480;2643;263;1997;1455;1062;1688;1388;112;169;396;597;414;198;300;907;1868;2475;2199;775;617998;89509;738266;1445773;6389;12793;547;5857;0,1360900492;0,0259273132;0,9192602898;SE30;2020-07-19;2020-07-25;Cuarentena Activa;10826730;2020-07-14;2021-12-31;10669;5716;160
2020-07-23;0;00. Nacional;19458310;18867;1670;1841;338759;311431;8838;18490;379;2371;3107;498;2609;258;1947;1461;1044;1670;1377;112;168;380;590;420;198;305;921;1890;2502;2226;796;626377;90125;748138;1464640;8379;18867;616;9872;0,1256691578;0,0260893438;0,9193290806;SE30;2020-07-19;2020-07-25;Cuarentena Activa;10826730;2020-07-14;2021-12-31;10711;5611;161
2020-07-24;0;00. Nacional;19458310;21071;1636;2005;341304;313696;8914;18694;373;2545;3101;527;2574;239;1936;1434;1040;1636;1356;117;157;365;566;431;201;307;926;1905;2519;2251;805;636255;90780;758676;1485711;9878;21071;655;10538;0,1207821176;0,0261174788;0,919110236;SE30;2020-07-19;2020-07-25;Cuarentena Activa;10826730;2020-07-14;2021-12-31;10727;5493;161
2020-07-25;0;00. Nacional;19458310;19133;1612;1752;343592;316169;9020;18403;399;2287;3104;504;2600;245;1890;1412;1034;1612;1312;116;149;357;560;430;204;308;936;1933;2544;2275;820;645358;91230;768256;1504844;9103;19133;450;9580;0,1195316992;0,0262520664;0,9201873152;SE30;2020-07-19;2020-07-25;Cuarentena Activa;10826730;2020-07-14;2021-12-31;11034;5581;163
2020-07-26;0;00. Nacional;19458310;19709;1592;1620;345790;318095;9112;18583;449;2198;3085;528;2557;253;1886;1403;1029;1592;1295;116;144;347;547;438;206;310;943;1953;2568;2304;828;654720;91743;778090;1524553;9362;19709;513;9834;0,1115226546;0,0263512537;0,9199080367;SE31;2020-07-26;2020-08-01;Cuarentena Activa;10826730;2020-07-14;2021-12-31;11020;5483;163
2020-07-27;0;00. Nacional;19458310;21544;1555;1475;347923;319954;9187;18782;487;2133;3079;521;2558;250;1895;1429;1023;1555;1271;113;139;340;530;433;208;315;951;1968;2589;2324;832;666191;92606;787300;1546097;11471;21544;863;9210;0,099006684;0,0264052678;0,9196115232;SE31;2020-07-26;2020-08-01;Cuarentena Activa;11893368;2020-07-27;2021-12-31;10965;5511;161
2020-07-28;0;00. Nacional;19458310;17596;1529;1236;349800;322332;9240;18228;462;1876;3076;523;2553;233;1839;1392;1005;1529;1208;113;137;332;520;427;209;317;956;1981;2602;2338;837;676780;92818;794095;1563693;10589;17596;212;6795;0,1066151398;0,0264150943;0,9214751286;SE31;2020-07-26;2020-08-01;Cuarentena Activa;11893368;2020-07-27;2021-12-31;10838;5509;159
2020-07-29;0;00. Nacional;19458310;17130;1485;1294;351575;324557;9278;17740;346;1773;3052;512;2540;228;1815;1369;939;1485;1185;112;128;318;517;410;211;321;958;1990;2611;2343;844;686355;93701;800767;1580823;9575;17130;883;6672;0,103502627;0,0263898173;0,9231515324;SE31;2020-07-26;2020-08-01;Cuarentena Activa;10609230;2020-07-27;2021-12-31;7246;5433;157
2020-07-30;0;00. Nacional;19458310;20295;1463;1428;353536;326628;9377;17531;388;1948;3018;501;2517;228;1792;1351;894;1463;1162;99;129;309;509;417;214;322;974;2012;2630;2374;851;696320;94123;810675;1601118;9965;20295;422;9908;0,0959842326;0,0265234658;0,9238889392;SE31;2020-07-26;2020-08-01;Cuarentena Activa;10609230;2020-07-27;2021-12-31;10937;5388;160
2020-07-31;0;00. Nacional;19458310;22874;1445;1540;355667;328327;9457;17883;450;2123;3004;512;2492;232;1779;1355;887;1445;1159;97;123;318;489;418;215;326;985;2029;2645;2394;863;707399;94987;821606;1623992;11079;22874;864;10931;0,0928128006;0,0265894784;0,9231303438;SE31;2020-07-26;2020-08-01;Cuarentena Activa;10609230;2020-07-27;2021-12-31;10691;5297;157
2020-08-01;0;00. Nacional;19458310;24398;1445;1426;357658;330504;9533;17621;440;1979;3001;551;2450;226;1755;1341;877;1445;1158;97;123;318;489;418;217;329;997;2044;2669;2407;870;720212;95540;832638;1648390;12813;24398;553;11032;0,081113206;0,0266539543;0,9240783094;SE31;2020-07-26;2020-08-01;Cuarentena Activa;10609230;2020-07-27;2021-12-31;10717;5297;158
2020-08-02;0;00. Nacional;19458310;24899;1437;1482;359731;332411;9608;17712;473;2081;2943;562;2381;234;1769;1323;860;1437;1151;97;123;319;490;408;217;332;1007;2058;2690;2428;876;731976;96347;844966;1673289;11764;24899;807;12328;0,0835776537;0,0267088463;0,9240543628;SE32;2020-08-02;2020-08-08;Cuarentena Activa;10609230;2020-07-27;2021-12-31;10637;5411;155
2020-08-03;0;00. Nacional;19458310;24269;1419;1119;361493;333976;9707;17810;527;1762;2951;568;2383;235;1746;1344;863;1419;1140;94;120;314;487;404;217;335;1015;2082;2727;2448;883;744034;97162;856362;1697558;12058;24269;815;11396;0,0726029091;0,0268525255;0,9238795772;SE32;2020-08-02;2020-08-08;Cuarentena Activa;10609230;2020-07-27;2021-12-31;10663;5445;156
2020-08-04;0;00. Nacional;19458310;18857;1405;1049;362962;336330;9745;16887;350;1462;2949;580;2369;227;1700;1317;849;1405;1126;91;121;314;474;405;219;337;1021;2089;2736;2455;888;755525;97575;863315;1716415;11491;18857;413;6953;0,0775308904;0,0268485406;0,9266259278;SE32;2020-08-02;2020-08-08;Cuarentena Activa;10609230;2020-07-27;2021-12-31;10658;5359;157
2020-08-05;0;00. Nacional;19458310;21398;1400;1216;364723;338291;9792;16640;482;1781;2939;548;2391;227;1675;1284;845;1400;1092;90;121;319;468;402;220;337;1024;2101;2751;2466;893;764817;98352;874644;1737813;9292;21398;777;11329;0,0832320778;0,0268477721;0,9275285628;SE32;2020-08-02;2020-08-08;Cuarentena Activa;10609230;2020-07-27;2021-12-31;10754;5330;157
2020-08-06;0;00. Nacional;19458310;22802;1358;1383;366671;340168;9889;16614;403;1947;2888;521;2367;217;1641;1268;844;1358;1051;89;115;308;463;383;223;340;1031;2120;2777;2493;905;776247;98814;885554;1760615;11430;22802;462;10910;0,0853872467;0,0269696813;0,9277199451;SE32;2020-08-02;2020-08-08;Cuarentena Activa;10609230;2020-07-27;2021-12-31;10764;5363;157
2020-08-07;0;00. Nacional;19458310;25243;1348;1479;368825;342168;9958;16699;570;2149;2881;539;2342;233;1632;1267;839;1348;1044;98;112;302;461;375;225;340;1038;2129;2804;2510;912;788574;99472;897812;1785858;12327;25243;658;12258;0,085132512;0,0269992544;0,9277245306;SE32;2020-08-02;2020-08-08;Cuarentena Activa;10609230;2020-07-27;2021-12-31;10933;5389;158
2020-08-08;0;00. Nacional;19458310;27037;1305;1511;371023;344132;10011;16880;604;2201;2877;567;2310;217;1669;1284;825;1305;1003;89;105;303;447;361;225;340;1042;2142;2828;2521;913;801828;100574;910493;1812895;13254;27037;1102;12681;0,0814069608;0,0269821547;0,9275220135;SE32;2020-08-02;2020-08-08;Cuarentena Activa;10609230;2020-07-27;2021-12-31;10771;5507;156
2020-08-09;0;00. Nacional;19458310;28460;1276;1452;373056;345826;10077;17153;502;2036;2837;602;2235;210;1679;1259;817;1276;978;78;106;304;432;356;226;342;1052;2157;2844;2539;917;816081;101776;923498;1841355;14253;28460;1202;13005;0,0715390021;0,0270120304;0,9270082776;SE33;2020-08-09;2020-08-15;Cuarentena Activa;10609230;2020-07-27;2021-12-31;10658;5480;155
2020-08-10;0;00. Nacional;19458310;26012;1280;1319;375044;347342;10139;17563;605;1988;2834;601;2233;203;1674;1253;780;1280;994;79;106;306;427;362;227;344;1057;2169;2863;2551;928;829763;102594;935010;1867367;13682;26012;818;11512;0,0764262648;0,0270341613;0,9261366666;SE33;2020-08-09;2020-08-15;Cuarentena Activa;10609230;2020-07-27;2021-12-31;10748;5769;156
2020-08-11;0;00. Nacional;19458310;22249;1268;1061;376616;349541;10178;16897;424;1566;2835;570;2265;211;1684;1247;747;1268;986;73;106;301;422;366;227;345;1061;2182;2873;2559;931;841809;103063;944744;1889616;12046;22249;469;9734;0,0703851859;0,0270248741;0,9281097988;SE33;2020-08-09;2020-08-15;Cuarentena Activa;10609230;2020-07-27;2021-12-31;10839;5586;157
2020-08-12;0;00. Nacional;19458310;19348;1255;1071;378168;351419;10205;16544;421;1540;2782;522;2260;197;1693;1209;745;1255;973;73;105;295;420;362;228;346;1061;2191;2880;2566;933;852477;103880;952607;1908964;10668;19348;817;7863;0,0795947902;0,026985361;0,9292668867;SE33;2020-08-09;2020-08-15;Cuarentena Activa;10609230;2020-07-27;2021-12-31;10848;5505;157
2020-08-13;0;00. Nacional;19458310;23628;1259;1343;380034;353131;10299;16604;425;1852;2761;509;2252;203;1681;1221;740;1259;962;71;105;293;435;355;231;346;1072;2214;2902;2589;945;865041;104279;963272;1932592;12564;23628;399;10665;0,0783815812;0,0271002068;0,9292089655;SE33;2020-08-09;2020-08-15;Cuarentena Activa;10609230;2020-07-27;2021-12-31;10897;5505;159
2020-08-14;0;00. Nacional;19458310;27618;1252;1396;382111;355037;10340;16734;616;2077;2733;522;2211;207;1670;1241;747;1252;924;75;103;294;424;356;233;350;1075;2225;2912;2597;948;877972;105153;977085;1960210;12931;27618;874;13813;0,0752045767;0,0270601998;0,9291462428;SE33;2020-08-09;2020-08-15;Cuarentena Activa;10609230;2020-07-27;2021-12-31;10317;5558;158
2020-08-15;0;00. Nacional;19458310;28499;1207;1158;383902;356951;10395;16556;552;1777;2717;518;2199;196;1642;1243;723;1207;899;70;96;283;412;346;235;351;1087;2234;2925;2613;950;891892;106344;990473;1988709;13920;28499;1191;13388;0,062353065;0,0270772228;0,9297971878;SE33;2020-08-09;2020-08-15;Cuarentena Activa;10609230;2020-07-27;2021-12-31;10399;5512;159
2020-08-16;0;00. Nacional;19458310;30882;1190;1383;385946;358828;10452;16666;634;2086;2717;518;2199;185;1672;1262;719;1190;879;72;97;274;400;347;236;355;1091;2242;2948;2626;954;907035;107506;1005050;2019591;15143;30882;1162;14577;0,0675474386;0,0270815088;0,9297362844;SE34;2020-08-16;2020-08-22;Cuarentena Activa;10609230;2020-07-27;2021-12-31;10377;5551;157
2020-08-17;0;00. Nacional;19458310;25289;1177;1012;387502;360385;10513;16604;480;1556;2701;557;2144;191;1660;1255;738;1177;869;74;98;265;397;343;238;356;1100;2250;2968;2638;963;921466;108519;1014895;2044880;14431;25289;1013;9845;0,0615287279;0,0271301826;0,9300210063;SE34;2020-08-16;2020-08-22;Cuarentena Activa;10609230;2020-07-27;2021-12-31;10377;5532;157
2020-08-18;0;00. Nacional;19458310;23199;1157;846;388855;362440;10546;15869;443;1336;2689;549;2140;184;1594;1253;734;1157;867;73;96;263;391;334;238;356;1103;2259;2982;2640;968;934371;108889;1024819;2068079;12905;23199;370;9924;0,0575886892;0,0271206491;0,9320697947;SE34;2020-08-16;2020-08-22;Cuarentena Activa;10609230;2020-07-27;2021-12-31;10364;5233;157
2020-08-19;0;00. Nacional;19458310;19275;1120;876;390037;364285;10578;15174;316;1233;2708;582;2126;176;1579;1240;726;1120;833;69;88;251;383;329;241;359;1104;2266;2990;2648;970;944703;109423;1033228;2087354;10332;19275;534;8409;0,0639688716;0,027120504;0,9339754946;SE34;2020-08-16;2020-08-22;Cuarentena Activa;10609230;2020-07-27;2021-12-31;10409;5221;157
2020-08-20;0;00. Nacional;19458310;26278;1077;1265;391849;366062;10671;15116;453;1813;2707;566;2141;175;1495;1203;728;1077;794;66;88;242;364;317;242;361;1111;2288;3015;2673;981;958540;109885;1045207;2113632;13837;26278;462;11979;0,0689930741;0,0272324288;0,934191487;SE34;2020-08-16;2020-08-22;Cuarentena Activa;10609230;2020-07-27;2021-12-31;10438;5196;157
2020-08-21;0;00. Nacional;19458310;28669;1072;1328;393769;367897;10723;15149;496;1920;2688;550;2138;174;1385;1158;715;1072;781;68;90;240;360;314;242;363;1115;2302;3027;2687;987;972646;110515;1059140;2142301;14106;28669;630;13933;0,066971293;0,0272317018;0,9342965038;SE34;2020-08-16;2020-08-22;;;;;10439;5137;157
2020-08-22;0;00. Nacional;19458310;29727;1058;1267;395708;369730;10792;15186;600;1926;2688;550;2138;166;1398;1133;695;1058;773;68;89;234;367;300;242;366;1124;2319;3043;2700;998;987423;111607;1072998;2172028;14777;29727;1092;13858;0,0647895852;0,0272726354;0,9343505817;SE34;2020-08-16;2020-08-22;;;;;10439;5209;157
2020-08-23;0;00. Nacional;19458310;31981;1027;1315;397665;371179;10852;15634;554;1942;2663;577;2086;149;1389;1131;695;1027;742;65;88;225;357;292;243;368;1133;2325;3067;2716;1000;1003743;112240;1088026;2204009;16320;31981;633;15028;0,0607235546;0,0272893013;0,9333962003;SE35;2020-08-23;2020-08-29;;;;;10392;5258;156
2020-08-24;0;00. Nacional;19458310;27454;1014;1265;399568;372464;10916;16188;580;1903;2658;582;2076;140;1388;1144;681;1014;742;68;86;224;347;289;243;375;1142;2339;3084;2730;1003;1018937;113178;1099348;2231463;15194;27454;938;11322;0,0693159467;0,0273195051;0,9321667401;SE35;2020-08-23;2020-08-29;;;;;10392;5341;156
2020-08-25;0;00. Nacional;19458310;24503;1011;887;400985;374463;10958;15564;473;1406;2660;565;2095;144;1412;1148;693;1011;745;66;87;223;345;290;245;376;1145;2348;3091;2744;1009;1032269;113515;1110182;2255966;13332;24503;337;10834;0,0573807289;0,0273277055;0,933857875;SE35;2020-08-23;2020-08-29;;;;;10373;5195;156
2020-08-26;0;00. Nacional;19458310;20257;1004;993;402365;376268;10990;15107;316;1371;2672;551;2121;148;1435;1069;682;1004;727;64;84;220;350;286;246;377;1148;2354;3097;2751;1017;1042411;114221;1119591;2276223;10142;20257;706;9409;0,067680308;0,0273135089;0,935140979;SE35;2020-08-23;2020-08-29;;;;;10373;5145;156
2020-08-27;0;00. Nacional;19458310;27019;1012;1197;404102;377922;11072;15108;450;1739;2655;540;2115;135;1418;1033;695;1012;740;59;86;225;352;290;247;377;1152;2372;3120;2779;1025;1055433;114787;1133022;2303242;13022;27019;566;13431;0,0643621155;0,027399023;0,9352143766;SE35;2020-08-23;2020-08-29;;;;;10373;5171;156
2020-08-28;0;00. Nacional;19458310;30274;995;1227;405972;379452;11132;15388;543;1868;2648;538;2110;142;1387;1069;690;995;733;60;88;220;340;287;252;379;1156;2384;3131;2802;1028;1071583;115649;1146284;2333516;16150;30274;862;13262;0,0617031116;0,0274206103;0,9346752978;SE35;2020-08-23;2020-08-29;;;;;10434;5278;156
2020-08-29;0;00. Nacional;19458310;32237;959;1330;408009;381183;11181;15645;645;2033;2657;561;2096;131;1387;1052;692;959;708;59;81;210;325;284;254;381;1161;2395;3140;2817;1033;1088083;116258;1161412;2365753;16500;32237;609;15128;0,0630641809;0,0274038073;0,9342514503;SE35;2020-08-23;2020-08-29;;;;;10456;5253;156
2020-08-30;0;00. Nacional;19458310;34769;960;1277;409974;382584;11244;16146;616;1966;2648;535;2113;142;1372;1033;680;960;718;59;80;213;328;280;257;383;1162;2408;3160;2831;1043;1104660;117164;1178698;2400522;16577;34769;906;17286;0,0565446231;0,0274261295;0,9331908853;SE36;2020-08-30;2020-09-05;;;;;10388;5408;155
2020-08-31;0;00. Nacional;19458310;31914;969;1177;411726;383879;11289;16558;507;1753;2648;540;2108;139;1454;1041;696;969;735;62;77;212;335;283;257;386;1164;2416;3178;2842;1046;1121321;118167;1192948;2432436;16661;31914;1003;14250;0,0549288713;0,0274187202;0,9323652138;SE36;2020-08-30;2020-09-05;;;;;10371;5507;154
2020-09-01;0;00. Nacional;19458310;26326;962;926;413145;385790;11321;16034;436;1415;2644;534;2110;124;1475;1057;699;962;724;60;76;211;334;281;257;387;1166;2422;3185;2854;1050;1133823;118556;1206383;2458762;12502;26326;389;13435;0,0537491453;0,0274020017;0,9337883794;SE36;2020-08-30;2020-09-05;;;;;10328;5336;153
2020-09-02;0;00. Nacional;19458310;22746;947;1114;414739;387683;11344;15712;418;1582;2628;507;2121;122;1447;1050;695;947;686;61;75;207;329;275;257;387;1169;2429;3189;2861;1052;1144529;119090;1217889;2481508;10706;22746;534;11506;0,0695506902;0,0273521419;0,9347637912;SE36;2020-08-30;2020-09-05;;;;;10275;5179;151
2020-09-03;0;00. Nacional;19458310;27242;940;1275;416501;389409;11422;15670;404;1758;2611;485;2126;125;1447;1062;654;940;686;65;75;204;320;276;259;392;1180;2440;3207;2881;1063;1157444;119610;1231696;2508750;12915;27242;520;13807;0,0645327068;0,0274237037;0,9349533374;SE36;2020-08-30;2020-09-05;;;;;10266;4901;152
2020-09-04;0;00. Nacional;19458310;31968;932;1319;418469;391248;11494;15727;565;1965;2606;495;2111;121;1392;1087;651;932;672;70;69;207;319;267;259;393;1190;2456;3227;2900;1069;1172733;120426;1247559;2540718;15289;31968;816;15863;0,0614677177;0,0274667897;0,9349509761;SE36;2020-08-30;2020-09-05;;;;;10266;4853;152
2020-09-05;0;00. Nacional;19458310;34595;908;1368;420434;392967;11551;15916;538;1961;2598;490;2108;121;1322;1061;655;908;666;63;67;203;313;262;259;397;1194;2467;3247;2911;1076;1189795;121576;1263942;2575313;17062;34595;1150;16383;0,056684492;0,0274739912;0,9346698887;SE36;2020-08-30;2020-09-05;;;;;10350;4943;152
2020-09-06;0;00. Nacional;19458310;35289;909;1364;422510;394399;11592;16519;631;2077;2598;496;2102;110;1351;1047;654;909;679;60;70;200;312;267;259;398;1199;2477;3262;2919;1078;1206512;122579;1281511;2610602;16717;35289;1003;17569;0,0588568676;0,027436037;0,9334666635;SE37;2020-09-06;2020-09-12;;;;;10321;5068;151
2020-09-07;0;00. Nacional;19458310;30987;930;1175;424274;395717;11652;16905;545;1764;2604;526;2078;115;1367;1084;659;930;699;65;68;203;317;277;259;401;1206;2490;3287;2928;1081;1222562;123747;1295280;2641589;16050;30987;1168;13769;0,0569270985;0,0274633845;0,9326920811;SE37;2020-09-06;2020-09-12;;;;;10309;5182;151
2020-09-08;0;00. Nacional;19458310;27980;930;839;425541;397730;11682;16129;397;1263;2604;490;2114;113;1348;1128;618;930;703;66;70;203;310;281;259;401;1207;2501;3299;2932;1083;1236068;124211;1309290;2669569;13506;27980;464;14010;0,0451393853;0,0274521139;0,9346455453;SE37;2020-09-06;2020-09-12;;;;;10309;5016;151
2020-09-09;0;00. Nacional;19458310;21805;942;1048;427027;399555;11702;15770;402;1482;2605;486;2119;125;1294;1123;611;942;708;67;70;202;317;286;260;402;1207;2503;3304;2941;1085;1246782;124623;1319969;2691374;10714;21805;412;10679;0,0679660628;0,0274034195;0,9356668314;SE37;2020-09-06;2020-09-12;;;;;10198;4904;151
2020-09-10;0;00. Nacional;19458310;28313;951;1139;428669;401356;11781;15532;452;1639;2592;484;2108;129;1270;1136;629;951;697;61;72;199;323;296;262;404;1210;2522;3326;2969;1088;1260155;125066;1334466;2719687;13373;28313;443;14497;0,0578886024;0,0274827431;0,9362841726;SE37;2020-09-06;2020-09-12;;;;;10233;4897;151
2020-09-11;0;00. Nacional;19458310;34082;918;1304;430535;403064;11850;15621;509;1860;2592;459;2133;120;1255;1153;613;918;675;59;69;194;307;289;265;407;1212;2533;3352;2987;1094;1276960;125729;1351080;2753769;16805;34082;663;16614;0,0545742621;0,0275238947;0,9361933408;SE37;2020-09-06;2020-09-12;;;;;10235;4893;151
2020-09-12;0;00. Nacional;19458310;38062;908;1407;432666;404919;11895;15852;667;2135;2589;459;2130;124;1243;1073;592;908;672;60;67;187;305;289;267;408;1216;2542;3367;2998;1097;1294781;126799;1370251;2791831;17821;38062;1070;19171;0,0560926909;0,0274923382;0,9358697009;SE37;2020-09-06;2020-09-12;;;;;10235;4998;151
2020-09-13;0;00. Nacional;19458310;36298;906;1413;434748;406326;11949;16473;592;2082;2586;463;2123;115;1185;1025;593;906;676;64;66;185;308;283;269;410;1219;2555;3384;3012;1100;1312908;128002;1387219;2828129;18127;36298;1203;16968;0,0573585322;0,0274848878;0,9346241961;SE38;2020-09-13;2020-09-19;;;;;10235;5059;151
2020-09-14;0;00. Nacional;19458310;32577;906;1064;436433;407725;12013;16695;561;1685;2593;503;2090;117;1190;1045;601;906;689;63;68;188;305;282;270;413;1225;2568;3399;3034;1104;1328248;129012;1403446;2860706;15340;32577;1010;16227;0,0517236087;0,0275254163;0,9342212894;SE38;2020-09-13;2020-09-19;;;;;10235;5088;151
2020-09-15;0;00. Nacional;19458310;27197;905;1025;437983;409944;12040;15999;479;1536;2591;451;2140;114;1196;1054;608;905;698;64;69;189;307;276;270;413;1227;2573;3408;3043;1106;1341777;129480;1416646;2887903;13529;27197;468;13200;0,0564768173;0,0274896514;0,9359815335;SE38;2020-09-13;2020-09-19;;;;;10366;4848;153
2020-09-16;0;00. Nacional;19458310;23102;898;918;439287;411852;12058;15377;353;1305;2582;442;2140;120;1093;1025;587;898;654;64;67;183;307;277;270;413;1227;2573;3416;3050;1109;1351777;130391;1428837;2911005;10000;23102;911;12191;0,0564886157;0,0274490254;0,9375465243;SE38;2020-09-13;2020-09-19;;;;;10372;4691;153
2020-09-17;0;00. Nacional;19458310;31646;895;1283;441150;413928;12142;15080;540;1860;2583;460;2123;120;1092;1009;563;895;663;63;64;184;305;279;270;416;1232;2593;3431;3084;1116;1366470;130994;1445187;2942651;14693;31646;603;16350;0,0587752007;0,0275235181;0,9382930976;SE38;2020-09-13;2020-09-19;;;;;10384;4708;153
2020-09-18;0;00. Nacional;19458310;33240;902;1097;442827;415981;12199;14647;510;1673;2565;466;2099;122;1065;975;560;902;675;64;66;185;308;279;271;417;1237;2604;3452;3096;1122;1383142;131809;1460940;2975891;16672;33240;815;15753;0,0503309266;0,0275480041;0,9393758736;SE38;2020-09-13;2020-09-19;;;;;10426;4710;154
2020-09-19;0;00. Nacional;19458310;34822;894;1230;444674;418101;12254;14319;576;1848;2553;461;2092;120;993;927;369;894;667;62;62;183;304;283;273;419;1241;2614;3471;3108;1128;1399809;132947;1477957;3010713;16667;34822;1138;17017;0,0530698983;0,0275572667;0,9402416152;SE38;2020-09-13;2020-09-19;;;;;10426;4627;154
2020-09-20;0;00. Nacional;19458310;27620;901;1048;446274;419746;12286;14242;485;1600;2554;454;2100;119;998;946;562;901;675;62;62;182;310;285;275;420;1249;2618;3478;3117;1129;1413471;133811;1491051;3038333;13662;27620;864;13094;0,0579290369;0,027530172;0,9405566984;SE39;2020-09-20;2020-09-26;;;;;10436;4555;154
2020-09-21;0;00. Nacional;19458310;16822;915;832;447468;421111;12298;14059;337;1194;2556;477;2079;123;999;934;567;915;684;63;65;186;312;289;275;420;1249;2619;3483;3122;1130;1422400;134049;1498706;3055155;8929;16822;238;7655;0,0709784806;0,0274835295;0,941097464;SE39;2020-09-20;2020-09-26;;;;;10516;4632;156
2020-09-22;0;00. Nacional;19458310;13389;918;814;448523;423176;12321;13026;219;1054;2543;469;2074;120;1009;933;578;918;685;62;64;186;310;296;276;421;1251;2624;3488;3129;1132;1429616;134473;1504455;3068544;7216;13389;424;5749;0,0787213384;0,0274701632;0,9434878479;SE39;2020-09-20;2020-09-26;;;;;10515;4361;156
2020-09-23;0;00. Nacional;19458310;15573;907;1016;449903;425165;12345;12393;325;1372;2546;470;2076;121;998;931;588;907;680;60;69;187;301;290;276;421;1253;2629;3493;3135;1138;1437794;135234;1511089;3084117;8178;15573;761;6634;0,0881012008;0,027439248;0,9450148143;SE39;2020-09-20;2020-09-26;;;;;10515;4493;156
2020-09-24;0;00. Nacional;19458310;29078;890;1282;451634;426876;12469;12289;395;1731;2551;465;2086;124;1013;932;593;890;673;56;71;182;294;287;277;424;1262;2647;3539;3168;1152;1451167;135826;1526202;3113195;13373;29078;592;15113;0,0595295412;0,0276086389;0,9451812751;SE39;2020-09-20;2020-09-26;;;;;10544;4572;157
2020-09-25;0;00. Nacional;19458310;37653;891;1475;453868;428580;12527;12761;694;2222;2551;483;2068;137;1002;913;596;891;655;58;68;179;284;302;278;426;1267;2653;3559;3186;1158;1469464;136426;1544958;3150848;18297;37653;600;18756;0,0590125621;0,0276005358;0,9442833599;SE39;2020-09-20;2020-09-26;;;;;10609;4816;159
2020-09-26;0;00. Nacional;19458310;38161;895;1458;455979;430259;12591;13129;594;2109;2538;487;2051;135;1001;917;602;895;653;51;68;185;293;298;279;428;1271;2668;3579;3205;1161;1487645;137756;1563608;3189009;18181;38161;1330;18650;0,0552658473;0,0276131138;0,9435938936;SE39;2020-09-20;2020-09-26;;;;;10876;5061;161
2020-09-27;0;00. Nacional;19458310;39405;888;1233;457901;431704;12641;13556;616;1923;2537;486;2051;135;986;895;596;888;637;54;72;176;296;290;281;429;1281;2672;3592;3220;1166;1506472;137756;1584186;3228414;18827;39405;0;20578;0,0488009136;0,027606404;0,9427889435;SE40;2020-09-27;2020-10-03;;;;;10791;5429;160
2020-09-28;0;00. Nacional;19458310;37473;884;1112;459671;433016;12698;13957;601;1770;2529;485;2044;136;994;890;604;884;645;50;74;175;287;298;281;430;1283;2687;3606;3241;1170;1525015;140625;1600247;3265887;18543;37473;2869;16061;0,0472340085;0,0276241051;0,9420128744;SE40;2020-09-27;2020-10-03;;;;;10862;5705;160
2020-09-29;0;00. Nacional;19458310;28919;865;1036;461300;434794;12725;13781;552;1622;2527;497;2030;112;1017;899;603;865;637;48;71;169;282;295;281;431;1286;2695;3609;3248;1175;1538745;141568;1614493;3294806;13730;28919;943;14246;0,0560876932;0,0275850856;0,942540646;SE40;2020-09-27;2020-10-03;;;;;10862;5504;160
2020-09-30;0;00. Nacional;19458310;27509;849;1185;462991;436589;12741;13661;449;1684;2520;0;20670;116;1043;897;586;849;630;46;69;163;287;284;281;432;1287;2699;3613;3250;1179;1550648;142333;1629334;3322315;11903;27509;765;14841;0,0612163292;0,0275188935;0,9429751334;SE40;2020-09-27;2020-10-03;;;;;10679;5568;158
2020-10-01;0;00. Nacional;19458310;33533;849;1198;464750;438148;12822;13780;511;1760;2526;495;2031;121;1034;889;558;849;633;45;66;162;278;298;284;435;1296;2710;3645;3264;1188;1566162;142665;1647021;3355848;15514;33533;332;17687;0,0524856112;0,0275890264;0,942760624;SE40;2020-09-27;2020-10-03;;;;;10481;5647;155
2020-10-02;0;00. Nacional;19458310;38674;868;1208;466590;439607;12867;14116;585;1839;2513;486;2027;122;1029;868;561;868;660;47;67;168;287;299;287;437;1300;2717;3655;3277;1194;1584668;143739;1666115;3394522;18506;38674;1074;19094;0,0475513265;0,0275766733;0,942169785;SE40;2020-09-27;2020-10-03;;;;;10340;5751;152
2020-10-03;0;00. Nacional;19458310;35698;849;1184;468471;440881;12919;14671;605;1880;2508;455;2053;126;1014;870;548;849;639;47;68;168;275;291;288;439;1308;2726;3671;3287;1200;1601190;144917;1684113;3430220;16522;35698;1178;17998;0,0526640148;0,0275769471;0,9411062798;SE40;2020-09-27;2020-10-03;;;;;10440;5795;152
2020-10-04;0;00. Nacional;19458310;36333;856;1016;470179;442070;12979;15130;630;1708;2505;459;2046;121;1029;868;561;856;638;45;67;173;280;291;289;439;1314;2737;3686;3307;1207;1618928;145849;1701776;3466553;17738;36333;932;17663;0,0470096056;0,0276043805;0,9402163857;SE41;2020-10-04;2020-10-10;;;;;10540;6292;152
2020-10-05;0;00. Nacional;19458310;36198;853;984;471746;443453;13037;15256;481;1567;2498;471;2027;119;962;816;543;853;648;44;65;176;272;296;291;442;1319;2747;3705;3324;1209;1635505;146565;1720681;3502751;16577;36198;716;18905;0,0432896845;0,0276356344;0,9400249287;SE41;2020-10-04;2020-10-10;;;;;10540;6071;152
2020-10-06;0;00. Nacional;19458310;26316;847;1019;473306;445418;13070;14818;500;1554;2507;483;2024;113;967;832;549;847;645;48;63;173;271;292;292;443;1321;2754;3715;3329;1216;1648228;147161;1733678;3529067;12723;26316;596;12997;0,0590515276;0,0276142707;0,9410782876;SE41;2020-10-04;2020-10-10;;;;;10554;5916;152
2020-10-07;0;00. Nacional;19458310;19706;818;803;474440;447053;13090;14297;309;1131;2472;441;2031;96;909;806;550;818;622;48;55;172;263;280;293;444;1322;2759;3719;3334;1219;1657749;147530;1743494;3548773;9521;19706;369;9816;0,0573936872;0,0275904224;0,9422751033;SE41;2020-10-04;2020-10-10;;;;;10440;5679;152
2020-10-08;0;00. Nacional;19458310;32954;812;1104;476016;448710;13167;14139;440;1575;2467;414;2053;99;921;819;559;812;610;47;51;175;259;280;293;446;1328;2780;3736;3359;1225;1672841;149051;1759835;3581727;15092;32954;1521;16341;0,0477938945;0,0276608349;0,942636382;SE41;2020-10-04;2020-10-10;;;;;10343;5695;149
2020-10-09;0;00. Nacional;19458310;36292;821;1228;477769;450297;13220;14252;492;1750;2445;423;2022;89;871;833;548;821;617;49;55;174;268;275;295;446;1335;2787;3749;3378;1230;1689896;149949;1778174;3618019;17055;36292;898;18339;0,0482199934;0,0276702758;0,9424994087;SE41;2020-10-04;2020-10-10;;;;;10337;5507;148
2020-10-10;0;00. Nacional;19458310;36022;817;1200;479595;452054;13272;14269;581;1824;2429;413;2016;95;871;861;546;817;609;47;50;169;273;278;297;447;1343;2798;3763;3388;1236;1707125;151041;1795875;3654041;17229;36022;1092;17701;0,0506357226;0,0276733494;0,9425744639;SE41;2020-10-04;2020-10-10;;;;;10392;5553;149
2020-10-11;0;00. Nacional;19458310;39211;791;1132;481371;453352;13318;14701;562;1776;2370;396;1974;92;842;853;523;791;610;45;52;167;263;264;298;449;1348;2805;3776;3400;1242;1725237;151942;1816073;3693252;18112;39211;901;20198;0,0452934126;0,02766681;0,9417933361;SE42;2020-10-11;2020-10-17;;;;;10392;6335;149
2020-10-12;0;00. Nacional;19458310;35907;785;941;482888;454484;13379;15025;525;1517;2364;371;1993;88;856;867;522;785;611;48;51;169;262;255;300;451;1355;2818;3792;3415;1248;1742216;152730;1834213;3729159;16979;35907;788;18140;0,0422480296;0,0277062176;0,9411789069;SE42;2020-10-11;2020-10-17;;;;;10392;5569;149
2020-10-13;0;00. Nacional;19458310;25603;778;898;484280;456499;13396;14385;462;1392;2361;380;1981;84;869;863;523;778;612;45;49;172;261;251;301;452;1357;2821;3797;3419;1249;1754978;153452;1846332;3754762;12762;25603;722;12119;0,0543686287;0,0276616833;0,9426344264;SE42;2020-10-11;2020-10-17;;;;;10392;5503;149
2020-10-14;0;00. Nacional;19458310;17351;785;822;485372;458073;13415;13884;256;1089;2361;379;1982;87;836;865;544;785;615;43;50;174;262;256;301;454;1357;2824;3802;3425;1252;1763218;153728;1855167;3772113;8240;17351;276;8835;0,0627629531;0,0276385947;0,9437565414;SE42;2020-10-11;2020-10-17;;;;;10473;5355;150
2020-10-15;0;00. Nacional;19458310;18005;786;889;486496;459536;13434;13526;210;1122;2371;366;2005;100;840;866;525;786;617;45;48;175;259;259;301;456;1359;2827;3807;3431;1253;1772311;154175;1863632;3790118;9093;18005;447;8465;0,0623160233;0,0276137933;0,9445833059;SE42;2020-10-11;2020-10-17;;;;;10504;5363;151
2020-10-16;0;00. Nacional;19458310;31088;794;1141;488190;461097;13529;13564;510;1689;2358;349;2009;101;837;857;526;794;625;46;49;176;261;262;301;462;1369;2846;3832;3460;1259;1786247;154594;1880365;3821206;13936;31088;419;16733;0,0543296449;0,0277125709;0,9445031648;SE42;2020-10-11;2020-10-17;;;;;10822;5329;153
2020-10-17;0;00. Nacional;19458310;36614;791;1189;490003;462712;13588;13703;600;1811;2359;386;1973;98;791;859;511;791;623;47;52;170;259;263;302;463;1377;2861;3843;3479;1263;1804134;155436;1898250;3857820;17887;36614;842;17885;0,0494619544;0,0277304425;0,9443044226;SE42;2020-10-11;2020-10-17;;;;;10755;5416;152
2020-10-18;0;00. Nacional;19458310;37121;776;1149;491760;463943;13635;14182;591;1759;2350;366;1984;97;781;856;521;776;602;44;48;170;254;260;305;464;1379;2874;3850;3495;1268;1821994;155954;1916993;3894941;17860;37121;518;18743;0,0473855769;0,02772694;0,9434337888;SE43;2020-10-18;2020-10-24;;;;;10753;5607;152
2020-10-19;0;00. Nacional;19458310;34671;769;1034;493305;465021;13676;14608;476;1545;2349;355;1994;95;780;847;523;769;600;48;48;173;244;256;307;466;1384;2884;3863;3503;1269;1839004;156701;1933907;3929612;17010;34671;747;16914;0,0445617375;0,0277232138;0,9426642746;SE43;2020-10-18;2020-10-24;;;;;10753;5397;152
2020-10-20;0;00. Nacional;19458310;25731;770;726;494478;466727;13702;14049;345;1099;2351;360;1991;85;773;866;537;770;604;48;50;173;246;253;308;467;1386;2890;3867;3512;1272;1852188;156940;1946215;3955343;13184;25731;239;12308;0,0427111267;0,0277100296;0,9438781907;SE43;2020-10-18;2020-10-24;;;;;10827;5145;152
2020-10-21;0;00. Nacional;19458310;18846;767;830;495637;468353;13719;13565;311;1152;2326;396;1930;96;771;833;542;767;601;47;53;171;236;260;308;467;1392;2892;3871;3516;1273;1861631;157270;1955288;3974189;9443;18846;330;9073;0,0611270296;0,0276795316;0,9449516481;SE43;2020-10-18;2020-10-24;;;;;10856;4984;152
2020-10-22;0;00. Nacional;19458310;31734;759;1030;497131;469849;13792;13490;428;1495;2311;364;1947;93;761;801;526;759;603;47;53;168;238;253;308;467;1396;2910;3890;3539;1282;1876794;157885;1971244;4005923;15163;31734;615;15956;0,0471103548;0,0277431904;0,9451211049;SE43;2020-10-18;2020-10-24;;;;;10742;5015;152
2020-10-23;0;00. Nacional;19458310;37359;759;1160;498906;485062;13844;0;584;1773;2307;403;1904;91;747;812;522;759;610;48;52;160;242;257;310;467;1398;2925;3898;3561;1285;1895630;158438;1989214;4043282;18836;37359;553;17970;0,0474584437;0,0277487142;0,9722512858;SE43;2020-10-18;2020-10-24;;;;;10676;5114;152
2020-10-24;0;00. Nacional;19458310;37796;729;1121;500542;476660;13892;9990;491;1631;2305;395;1910;85;742;792;499;729;591;49;46;154;233;247;310;469;1404;2943;3906;3572;1288;1914613;159354;2007111;4081078;18983;37796;916;17897;0,0431527146;0,0277539148;0,9522877201;SE43;2020-10-18;2020-10-24;;;;;10871;5252;151
2020-10-25;0;00. Nacional;19458310;38473;723;1026;502063;478335;13944;9784;491;1540;2277;378;1899;87;731;759;493;723;593;44;49;153;234;243;311;469;1409;2957;3915;3591;1292;1933048;160085;2026418;4119551;18435;38473;731;19307;0,0400280716;0,0277734069;0,9527389989;SE44;2020-10-25;2020-10-31;;;;;10871;5403;151
2020-10-26;0;00. Nacional;19458310;37832;730;1010;503598;479961;14003;9634;472;1505;2274;374;1900;91;753;774;493;730;610;46;51;155;237;241;311;472;1414;2966;3934;3608;1298;1950865;161049;2045469;4157383;17817;37832;964;19051;0,0397811377;0,0278059087;0,9530637532;SE44;2020-10-25;2020-10-31;;;;;10839;5449;150
2020-10-27;0;00. Nacional;19458310;20012;740;569;504525;481464;14026;9035;300;922;2290;367;1923;86;759;776;461;740;619;48;54;151;242;245;313;473;1415;2971;3942;3613;1299;1961999;161049;2054347;4177395;11134;20012;0;8878;0,0460723566;0,0278004063;0,9542916605;SE44;2020-10-25;2020-10-31;;;;;10726;5116;149
